|                        Parameters |                       0 |   1 |                      2 |                       3 |   4 |   5 |   6 |   7 |   8 |                       9 |  10 |                      11 |                      12 |  13 |  14 |  15 |  16 |  17 |  18 |  19 |  20 |  21 |  22 |  23 |  24 |  25 |  26 |  27 |  28 |  29 |  30 |  31 |  32 |  33 |  34 |  35 |  36 |  37 |  38 |  39 |  40 |  41 |  42 |  43 |
| PSR J1958+2846.spectral.amplitude |  3.5232351910746325e-30 | 0.0 |  1.910105619085533e-16 |    6.50683417814609e-17 | 0.0 | 0.0 | 0.0 | 0.0 | 0.0 |  -6.961818282162942e-31 | 0.0 |  1.0545791102335454e-16 | -1.1341545411398296e-17 | 0.0 | 0.0 | 0.0 | 0.0 | 0.0 | 0.0 | 0.0 | 0.0 | 0.0 | 0.0 | 0.0 | 0.0 | 0.0 | 0.0 | 0.0 | 0.0 | 0.0 | 0.0 | 0.0 | 0.0 | 0.0 | 0.0 | 0.0 | 0.0 | 0.0 | 0.0 | 0.0 | 0.0 | 0.0 | 0.0 | 0.0 |
| PSR J1958+2846.spectral.reference |                     0.0 | 0.0 |                    0.0 |                     0.0 | 0.0 | 0.0 | 0.0 | 0.0 | 0.0 |                     0.0 | 0.0 |                     0.0 |                     0.0 | 0.0 | 0.0 | 0.0 | 0.0 | 0.0 | 0.0 | 0.0 | 0.0 | 0.0 | 0.0 | 0.0 | 0.0 | 0.0 | 0.0 | 0.0 | 0.0 | 0.0 | 0.0 | 0.0 | 0.0 | 0.0 | 0.0 | 0.0 | 0.0 | 0.0 | 0.0 | 0.0 | 0.0 | 0.0 | 0.0 | 0.0 |
|     PSR J1958+2846.spectral.alpha |   1.910105619085533e-16 | 0.0 |    0.11904842045703298 |    -0.02733875005801783 | 0.0 | 0.0 | 0.0 | 0.0 | 0.0 |  2.4829129166812557e-18 | 0.0 |   0.0018270330525909078 |   -0.004369024473571767 | 0.0 | 0.0 | 0.0 | 0.0 | 0.0 | 0.0 | 0.0 | 0.0 | 0.0 | 0.0 | 0.0 | 0.0 | 0.0 | 0.0 | 0.0 | 0.0 | 0.0 | 0.0 | 0.0 | 0.0 | 0.0 | 0.0 | 0.0 | 0.0 | 0.0 | 0.0 | 0.0 | 0.0 | 0.0 | 0.0 | 0.0 |
|      PSR J1958+2846.spectral.beta |    6.50683417814609e-17 | 0.0 |   -0.02733875005801783 |     0.03612559480118787 | 0.0 | 0.0 | 0.0 | 0.0 | 0.0 | -1.2247024546270925e-16 | 0.0 |    0.018585786246227167 |  -0.0021434859343060137 | 0.0 | 0.0 | 0.0 | 0.0 | 0.0 | 0.0 | 0.0 | 0.0 | 0.0 | 0.0 | 0.0 | 0.0 | 0.0 | 0.0 | 0.0 | 0.0 | 0.0 | 0.0 | 0.0 | 0.0 | 0.0 | 0.0 | 0.0 | 0.0 | 0.0 | 0.0 | 0.0 | 0.0 | 0.0 | 0.0 | 0.0 |
|      PSR J1958+2846.spatial.lon_0 |                     0.0 | 0.0 |                    0.0 |                     0.0 | 0.0 | 0.0 | 0.0 | 0.0 | 0.0 |                     0.0 | 0.0 |                     0.0 |                     0.0 | 0.0 | 0.0 | 0.0 | 0.0 | 0.0 | 0.0 | 0.0 | 0.0 | 0.0 | 0.0 | 0.0 | 0.0 | 0.0 | 0.0 | 0.0 | 0.0 | 0.0 | 0.0 | 0.0 | 0.0 | 0.0 | 0.0 | 0.0 | 0.0 | 0.0 | 0.0 | 0.0 | 0.0 | 0.0 | 0.0 | 0.0 |
|      PSR J1958+2846.spatial.lat_0 |                     0.0 | 0.0 |                    0.0 |                     0.0 | 0.0 | 0.0 | 0.0 | 0.0 | 0.0 |                     0.0 | 0.0 |                     0.0 |                     0.0 | 0.0 | 0.0 | 0.0 | 0.0 | 0.0 | 0.0 | 0.0 | 0.0 | 0.0 | 0.0 | 0.0 | 0.0 | 0.0 | 0.0 | 0.0 | 0.0 | 0.0 | 0.0 | 0.0 | 0.0 | 0.0 | 0.0 | 0.0 | 0.0 | 0.0 | 0.0 | 0.0 | 0.0 | 0.0 | 0.0 | 0.0 |
|      PSR J1958+2846.spatial.sigma |                     0.0 | 0.0 |                    0.0 |                     0.0 | 0.0 | 0.0 | 0.0 | 0.0 | 0.0 |                     0.0 | 0.0 |                     0.0 |                     0.0 | 0.0 | 0.0 | 0.0 | 0.0 | 0.0 | 0.0 | 0.0 | 0.0 | 0.0 | 0.0 | 0.0 | 0.0 | 0.0 | 0.0 | 0.0 | 0.0 | 0.0 | 0.0 | 0.0 | 0.0 | 0.0 | 0.0 | 0.0 | 0.0 | 0.0 | 0.0 | 0.0 | 0.0 | 0.0 | 0.0 | 0.0 |
|          PSR J1958+2846.spatial.e |                     0.0 | 0.0 |                    0.0 |                     0.0 | 0.0 | 0.0 | 0.0 | 0.0 | 0.0 |                     0.0 | 0.0 |                     0.0 |                     0.0 | 0.0 | 0.0 | 0.0 | 0.0 | 0.0 | 0.0 | 0.0 | 0.0 | 0.0 | 0.0 | 0.0 | 0.0 | 0.0 | 0.0 | 0.0 | 0.0 | 0.0 | 0.0 | 0.0 | 0.0 | 0.0 | 0.0 | 0.0 | 0.0 | 0.0 | 0.0 | 0.0 | 0.0 | 0.0 | 0.0 | 0.0 |
|        PSR J1958+2846.spatial.phi |                     0.0 | 0.0 |                    0.0 |                     0.0 | 0.0 | 0.0 | 0.0 | 0.0 | 0.0 |                     0.0 | 0.0 |                     0.0 |                     0.0 | 0.0 | 0.0 | 0.0 | 0.0 | 0.0 | 0.0 | 0.0 | 0.0 | 0.0 | 0.0 | 0.0 | 0.0 | 0.0 | 0.0 | 0.0 | 0.0 | 0.0 | 0.0 | 0.0 | 0.0 | 0.0 | 0.0 | 0.0 | 0.0 | 0.0 | 0.0 | 0.0 | 0.0 | 0.0 | 0.0 | 0.0 |
| PSR J1954+2836.spectral.amplitude |  -6.961818282162942e-31 | 0.0 | 2.4829129166812557e-18 | -1.2247024546270925e-16 | 0.0 | 0.0 | 0.0 | 0.0 | 0.0 |   1.111579290872031e-29 | 0.0 | -1.5561231190555122e-15 |  -1.636211984958183e-16 | 0.0 | 0.0 | 0.0 | 0.0 | 0.0 | 0.0 | 0.0 | 0.0 | 0.0 | 0.0 | 0.0 | 0.0 | 0.0 | 0.0 | 0.0 | 0.0 | 0.0 | 0.0 | 0.0 | 0.0 | 0.0 | 0.0 | 0.0 | 0.0 | 0.0 | 0.0 | 0.0 | 0.0 | 0.0 | 0.0 | 0.0 |
| PSR J1954+2836.spectral.reference |                     0.0 | 0.0 |                    0.0 |                     0.0 | 0.0 | 0.0 | 0.0 | 0.0 | 0.0 |                     0.0 | 0.0 |                     0.0 |                     0.0 | 0.0 | 0.0 | 0.0 | 0.0 | 0.0 | 0.0 | 0.0 | 0.0 | 0.0 | 0.0 | 0.0 | 0.0 | 0.0 | 0.0 | 0.0 | 0.0 | 0.0 | 0.0 | 0.0 | 0.0 | 0.0 | 0.0 | 0.0 | 0.0 | 0.0 | 0.0 | 0.0 | 0.0 | 0.0 | 0.0 | 0.0 |
|     PSR J1954+2836.spectral.alpha |  1.0545791102335454e-16 | 0.0 |  0.0018270330525909078 |    0.018585786246227167 | 0.0 | 0.0 | 0.0 | 0.0 | 0.0 | -1.5561231190555122e-15 | 0.0 |      0.2595981961583629 |     0.03905977337368973 | 0.0 | 0.0 | 0.0 | 0.0 | 0.0 | 0.0 | 0.0 | 0.0 | 0.0 | 0.0 | 0.0 | 0.0 | 0.0 | 0.0 | 0.0 | 0.0 | 0.0 | 0.0 | 0.0 | 0.0 | 0.0 | 0.0 | 0.0 | 0.0 | 0.0 | 0.0 | 0.0 | 0.0 | 0.0 | 0.0 | 0.0 |
|      PSR J1954+2836.spectral.beta | -1.1341545411398296e-17 | 0.0 |  -0.004369024473571767 |  -0.0021434859343060137 | 0.0 | 0.0 | 0.0 | 0.0 | 0.0 |  -1.636211984958183e-16 | 0.0 |     0.03905977337368973 |    0.013668961978648898 | 0.0 | 0.0 | 0.0 | 0.0 | 0.0 | 0.0 | 0.0 | 0.0 | 0.0 | 0.0 | 0.0 | 0.0 | 0.0 | 0.0 | 0.0 | 0.0 | 0.0 | 0.0 | 0.0 | 0.0 | 0.0 | 0.0 | 0.0 | 0.0 | 0.0 | 0.0 | 0.0 | 0.0 | 0.0 | 0.0 | 0.0 |
|      PSR J1954+2836.spatial.lon_0 |                     0.0 | 0.0 |                    0.0 |                     0.0 | 0.0 | 0.0 | 0.0 | 0.0 | 0.0 |                     0.0 | 0.0 |                     0.0 |                     0.0 | 0.0 | 0.0 | 0.0 | 0.0 | 0.0 | 0.0 | 0.0 | 0.0 | 0.0 | 0.0 | 0.0 | 0.0 | 0.0 | 0.0 | 0.0 | 0.0 | 0.0 | 0.0 | 0.0 | 0.0 | 0.0 | 0.0 | 0.0 | 0.0 | 0.0 | 0.0 | 0.0 | 0.0 | 0.0 | 0.0 | 0.0 |
|      PSR J1954+2836.spatial.lat_0 |                     0.0 | 0.0 |                    0.0 |                     0.0 | 0.0 | 0.0 | 0.0 | 0.0 | 0.0 |                     0.0 | 0.0 |                     0.0 |                     0.0 | 0.0 | 0.0 | 0.0 | 0.0 | 0.0 | 0.0 | 0.0 | 0.0 | 0.0 | 0.0 | 0.0 | 0.0 | 0.0 | 0.0 | 0.0 | 0.0 | 0.0 | 0.0 | 0.0 | 0.0 | 0.0 | 0.0 | 0.0 | 0.0 | 0.0 | 0.0 | 0.0 | 0.0 | 0.0 | 0.0 | 0.0 |
|      PSR J1954+2836.spatial.sigma |                     0.0 | 0.0 |                    0.0 |                     0.0 | 0.0 | 0.0 | 0.0 | 0.0 | 0.0 |                     0.0 | 0.0 |                     0.0 |                     0.0 | 0.0 | 0.0 | 0.0 | 0.0 | 0.0 | 0.0 | 0.0 | 0.0 | 0.0 | 0.0 | 0.0 | 0.0 | 0.0 | 0.0 | 0.0 | 0.0 | 0.0 | 0.0 | 0.0 | 0.0 | 0.0 | 0.0 | 0.0 | 0.0 | 0.0 | 0.0 | 0.0 | 0.0 | 0.0 | 0.0 | 0.0 |
|          PSR J1954+2836.spatial.e |                     0.0 | 0.0 |                    0.0 |                     0.0 | 0.0 | 0.0 | 0.0 | 0.0 | 0.0 |                     0.0 | 0.0 |                     0.0 |                     0.0 | 0.0 | 0.0 | 0.0 | 0.0 | 0.0 | 0.0 | 0.0 | 0.0 | 0.0 | 0.0 | 0.0 | 0.0 | 0.0 | 0.0 | 0.0 | 0.0 | 0.0 | 0.0 | 0.0 | 0.0 | 0.0 | 0.0 | 0.0 | 0.0 | 0.0 | 0.0 | 0.0 | 0.0 | 0.0 | 0.0 | 0.0 |
|        PSR J1954+2836.spatial.phi |                     0.0 | 0.0 |                    0.0 |                     0.0 | 0.0 | 0.0 | 0.0 | 0.0 | 0.0 |                     0.0 | 0.0 |                     0.0 |                     0.0 | 0.0 | 0.0 | 0.0 | 0.0 | 0.0 | 0.0 | 0.0 | 0.0 | 0.0 | 0.0 | 0.0 | 0.0 | 0.0 | 0.0 | 0.0 | 0.0 | 0.0 | 0.0 | 0.0 | 0.0 | 0.0 | 0.0 | 0.0 | 0.0 | 0.0 | 0.0 | 0.0 | 0.0 | 0.0 | 0.0 | 0.0 |
|      3HWC J2010+345.spectral.norm |                     0.0 | 0.0 |                    0.0 |                     0.0 | 0.0 | 0.0 | 0.0 | 0.0 | 0.0 |                     0.0 | 0.0 |                     0.0 |                     0.0 | 0.0 | 0.0 | 0.0 | 0.0 | 0.0 | 0.0 | 0.0 | 0.0 | 0.0 | 0.0 | 0.0 | 0.0 | 0.0 | 0.0 | 0.0 | 0.0 | 0.0 | 0.0 | 0.0 | 0.0 | 0.0 | 0.0 | 0.0 | 0.0 | 0.0 | 0.0 | 0.0 | 0.0 | 0.0 | 0.0 | 0.0 |
|      3HWC J2010+345.spatial.lon_0 |                     0.0 | 0.0 |                    0.0 |                     0.0 | 0.0 | 0.0 | 0.0 | 0.0 | 0.0 |                     0.0 | 0.0 |                     0.0 |                     0.0 | 0.0 | 0.0 | 0.0 | 0.0 | 0.0 | 0.0 | 0.0 | 0.0 | 0.0 | 0.0 | 0.0 | 0.0 | 0.0 | 0.0 | 0.0 | 0.0 | 0.0 | 0.0 | 0.0 | 0.0 | 0.0 | 0.0 | 0.0 | 0.0 | 0.0 | 0.0 | 0.0 | 0.0 | 0.0 | 0.0 | 0.0 |
|      3HWC J2010+345.spatial.lat_0 |                     0.0 | 0.0 |                    0.0 |                     0.0 | 0.0 | 0.0 | 0.0 | 0.0 | 0.0 |                     0.0 | 0.0 |                     0.0 |                     0.0 | 0.0 | 0.0 | 0.0 | 0.0 | 0.0 | 0.0 | 0.0 | 0.0 | 0.0 | 0.0 | 0.0 | 0.0 | 0.0 | 0.0 | 0.0 | 0.0 | 0.0 | 0.0 | 0.0 | 0.0 | 0.0 | 0.0 | 0.0 | 0.0 | 0.0 | 0.0 | 0.0 | 0.0 | 0.0 | 0.0 | 0.0 |
|      3HWC J2006+340.spectral.norm |                     0.0 | 0.0 |                    0.0 |                     0.0 | 0.0 | 0.0 | 0.0 | 0.0 | 0.0 |                     0.0 | 0.0 |                     0.0 |                     0.0 | 0.0 | 0.0 | 0.0 | 0.0 | 0.0 | 0.0 | 0.0 | 0.0 | 0.0 | 0.0 | 0.0 | 0.0 | 0.0 | 0.0 | 0.0 | 0.0 | 0.0 | 0.0 | 0.0 | 0.0 | 0.0 | 0.0 | 0.0 | 0.0 | 0.0 | 0.0 | 0.0 | 0.0 | 0.0 | 0.0 | 0.0 |
|      3HWC J2006+340.spatial.lon_0 |                     0.0 | 0.0 |                    0.0 |                     0.0 | 0.0 | 0.0 | 0.0 | 0.0 | 0.0 |                     0.0 | 0.0 |                     0.0 |                     0.0 | 0.0 | 0.0 | 0.0 | 0.0 | 0.0 | 0.0 | 0.0 | 0.0 | 0.0 | 0.0 | 0.0 | 0.0 | 0.0 | 0.0 | 0.0 | 0.0 | 0.0 | 0.0 | 0.0 | 0.0 | 0.0 | 0.0 | 0.0 | 0.0 | 0.0 | 0.0 | 0.0 | 0.0 | 0.0 | 0.0 | 0.0 |
|      3HWC J2006+340.spatial.lat_0 |                     0.0 | 0.0 |                    0.0 |                     0.0 | 0.0 | 0.0 | 0.0 | 0.0 | 0.0 |                     0.0 | 0.0 |                     0.0 |                     0.0 | 0.0 | 0.0 | 0.0 | 0.0 | 0.0 | 0.0 | 0.0 | 0.0 | 0.0 | 0.0 | 0.0 | 0.0 | 0.0 | 0.0 | 0.0 | 0.0 | 0.0 | 0.0 | 0.0 | 0.0 | 0.0 | 0.0 | 0.0 | 0.0 | 0.0 | 0.0 | 0.0 | 0.0 | 0.0 | 0.0 | 0.0 |
|      3HWC J2005+311.spectral.norm |                     0.0 | 0.0 |                    0.0 |                     0.0 | 0.0 | 0.0 | 0.0 | 0.0 | 0.0 |                     0.0 | 0.0 |                     0.0 |                     0.0 | 0.0 | 0.0 | 0.0 | 0.0 | 0.0 | 0.0 | 0.0 | 0.0 | 0.0 | 0.0 | 0.0 | 0.0 | 0.0 | 0.0 | 0.0 | 0.0 | 0.0 | 0.0 | 0.0 | 0.0 | 0.0 | 0.0 | 0.0 | 0.0 | 0.0 | 0.0 | 0.0 | 0.0 | 0.0 | 0.0 | 0.0 |
|      3HWC J2005+311.spatial.lon_0 |                     0.0 | 0.0 |                    0.0 |                     0.0 | 0.0 | 0.0 | 0.0 | 0.0 | 0.0 |                     0.0 | 0.0 |                     0.0 |                     0.0 | 0.0 | 0.0 | 0.0 | 0.0 | 0.0 | 0.0 | 0.0 | 0.0 | 0.0 | 0.0 | 0.0 | 0.0 | 0.0 | 0.0 | 0.0 | 0.0 | 0.0 | 0.0 | 0.0 | 0.0 | 0.0 | 0.0 | 0.0 | 0.0 | 0.0 | 0.0 | 0.0 | 0.0 | 0.0 | 0.0 | 0.0 |
|      3HWC J2005+311.spatial.lat_0 |                     0.0 | 0.0 |                    0.0 |                     0.0 | 0.0 | 0.0 | 0.0 | 0.0 | 0.0 |                     0.0 | 0.0 |                     0.0 |                     0.0 | 0.0 | 0.0 | 0.0 | 0.0 | 0.0 | 0.0 | 0.0 | 0.0 | 0.0 | 0.0 | 0.0 | 0.0 | 0.0 | 0.0 | 0.0 | 0.0 | 0.0 | 0.0 | 0.0 | 0.0 | 0.0 | 0.0 | 0.0 | 0.0 | 0.0 | 0.0 | 0.0 | 0.0 | 0.0 | 0.0 | 0.0 |
|      3HWC J2023+324.spectral.norm |                     0.0 | 0.0 |                    0.0 |                     0.0 | 0.0 | 0.0 | 0.0 | 0.0 | 0.0 |                     0.0 | 0.0 |                     0.0 |                     0.0 | 0.0 | 0.0 | 0.0 | 0.0 | 0.0 | 0.0 | 0.0 | 0.0 | 0.0 | 0.0 | 0.0 | 0.0 | 0.0 | 0.0 | 0.0 | 0.0 | 0.0 | 0.0 | 0.0 | 0.0 | 0.0 | 0.0 | 0.0 | 0.0 | 0.0 | 0.0 | 0.0 | 0.0 | 0.0 | 0.0 | 0.0 |
|      3HWC J2023+324.spatial.lon_0 |                     0.0 | 0.0 |                    0.0 |                     0.0 | 0.0 | 0.0 | 0.0 | 0.0 | 0.0 |                     0.0 | 0.0 |                     0.0 |                     0.0 | 0.0 | 0.0 | 0.0 | 0.0 | 0.0 | 0.0 | 0.0 | 0.0 | 0.0 | 0.0 | 0.0 | 0.0 | 0.0 | 0.0 | 0.0 | 0.0 | 0.0 | 0.0 | 0.0 | 0.0 | 0.0 | 0.0 | 0.0 | 0.0 | 0.0 | 0.0 | 0.0 | 0.0 | 0.0 | 0.0 | 0.0 |
|      3HWC J2023+324.spatial.lat_0 |                     0.0 | 0.0 |                    0.0 |                     0.0 | 0.0 | 0.0 | 0.0 | 0.0 | 0.0 |                     0.0 | 0.0 |                     0.0 |                     0.0 | 0.0 | 0.0 | 0.0 | 0.0 | 0.0 | 0.0 | 0.0 | 0.0 | 0.0 | 0.0 | 0.0 | 0.0 | 0.0 | 0.0 | 0.0 | 0.0 | 0.0 | 0.0 | 0.0 | 0.0 | 0.0 | 0.0 | 0.0 | 0.0 | 0.0 | 0.0 | 0.0 | 0.0 | 0.0 | 0.0 | 0.0 |
|        3HWC J2023+324.spatial.r_0 |                     0.0 | 0.0 |                    0.0 |                     0.0 | 0.0 | 0.0 | 0.0 | 0.0 | 0.0 |                     0.0 | 0.0 |                     0.0 |                     0.0 | 0.0 | 0.0 | 0.0 | 0.0 | 0.0 | 0.0 | 0.0 | 0.0 | 0.0 | 0.0 | 0.0 | 0.0 | 0.0 | 0.0 | 0.0 | 0.0 | 0.0 | 0.0 | 0.0 | 0.0 | 0.0 | 0.0 | 0.0 | 0.0 | 0.0 | 0.0 | 0.0 | 0.0 | 0.0 | 0.0 | 0.0 |
|          3HWC J2023+324.spatial.e |                     0.0 | 0.0 |                    0.0 |                     0.0 | 0.0 | 0.0 | 0.0 | 0.0 | 0.0 |                     0.0 | 0.0 |                     0.0 |                     0.0 | 0.0 | 0.0 | 0.0 | 0.0 | 0.0 | 0.0 | 0.0 | 0.0 | 0.0 | 0.0 | 0.0 | 0.0 | 0.0 | 0.0 | 0.0 | 0.0 | 0.0 | 0.0 | 0.0 | 0.0 | 0.0 | 0.0 | 0.0 | 0.0 | 0.0 | 0.0 | 0.0 | 0.0 | 0.0 | 0.0 | 0.0 |
|        3HWC J2023+324.spatial.phi |                     0.0 | 0.0 |                    0.0 |                     0.0 | 0.0 | 0.0 | 0.0 | 0.0 | 0.0 |                     0.0 | 0.0 |                     0.0 |                     0.0 | 0.0 | 0.0 | 0.0 | 0.0 | 0.0 | 0.0 | 0.0 | 0.0 | 0.0 | 0.0 | 0.0 | 0.0 | 0.0 | 0.0 | 0.0 | 0.0 | 0.0 | 0.0 | 0.0 | 0.0 | 0.0 | 0.0 | 0.0 | 0.0 | 0.0 | 0.0 | 0.0 | 0.0 | 0.0 | 0.0 | 0.0 |
| 3HWC J2023+324.spatial.edge_width |                     0.0 | 0.0 |                    0.0 |                     0.0 | 0.0 | 0.0 | 0.0 | 0.0 | 0.0 |                     0.0 | 0.0 |                     0.0 |                     0.0 | 0.0 | 0.0 | 0.0 | 0.0 | 0.0 | 0.0 | 0.0 | 0.0 | 0.0 | 0.0 | 0.0 | 0.0 | 0.0 | 0.0 | 0.0 | 0.0 | 0.0 | 0.0 | 0.0 | 0.0 | 0.0 | 0.0 | 0.0 | 0.0 | 0.0 | 0.0 | 0.0 | 0.0 | 0.0 | 0.0 | 0.0 |
|      3HWC J1951+293.spectral.norm |                     0.0 | 0.0 |                    0.0 |                     0.0 | 0.0 | 0.0 | 0.0 | 0.0 | 0.0 |                     0.0 | 0.0 |                     0.0 |                     0.0 | 0.0 | 0.0 | 0.0 | 0.0 | 0.0 | 0.0 | 0.0 | 0.0 | 0.0 | 0.0 | 0.0 | 0.0 | 0.0 | 0.0 | 0.0 | 0.0 | 0.0 | 0.0 | 0.0 | 0.0 | 0.0 | 0.0 | 0.0 | 0.0 | 0.0 | 0.0 | 0.0 | 0.0 | 0.0 | 0.0 | 0.0 |
|      3HWC J1951+293.spatial.lon_0 |                     0.0 | 0.0 |                    0.0 |                     0.0 | 0.0 | 0.0 | 0.0 | 0.0 | 0.0 |                     0.0 | 0.0 |                     0.0 |                     0.0 | 0.0 | 0.0 | 0.0 | 0.0 | 0.0 | 0.0 | 0.0 | 0.0 | 0.0 | 0.0 | 0.0 | 0.0 | 0.0 | 0.0 | 0.0 | 0.0 | 0.0 | 0.0 | 0.0 | 0.0 | 0.0 | 0.0 | 0.0 | 0.0 | 0.0 | 0.0 | 0.0 | 0.0 | 0.0 | 0.0 | 0.0 |
|      3HWC J1951+293.spatial.lat_0 |                     0.0 | 0.0 |                    0.0 |                     0.0 | 0.0 | 0.0 | 0.0 | 0.0 | 0.0 |                     0.0 | 0.0 |                     0.0 |                     0.0 | 0.0 | 0.0 | 0.0 | 0.0 | 0.0 | 0.0 | 0.0 | 0.0 | 0.0 | 0.0 | 0.0 | 0.0 | 0.0 | 0.0 | 0.0 | 0.0 | 0.0 | 0.0 | 0.0 | 0.0 | 0.0 | 0.0 | 0.0 | 0.0 | 0.0 | 0.0 | 0.0 | 0.0 | 0.0 | 0.0 | 0.0 |
|      3HWC J1951+266.spectral.norm |                     0.0 | 0.0 |                    0.0 |                     0.0 | 0.0 | 0.0 | 0.0 | 0.0 | 0.0 |                     0.0 | 0.0 |                     0.0 |                     0.0 | 0.0 | 0.0 | 0.0 | 0.0 | 0.0 | 0.0 | 0.0 | 0.0 | 0.0 | 0.0 | 0.0 | 0.0 | 0.0 | 0.0 | 0.0 | 0.0 | 0.0 | 0.0 | 0.0 | 0.0 | 0.0 | 0.0 | 0.0 | 0.0 | 0.0 | 0.0 | 0.0 | 0.0 | 0.0 | 0.0 | 0.0 |
|      3HWC J1951+266.spatial.lon_0 |                     0.0 | 0.0 |                    0.0 |                     0.0 | 0.0 | 0.0 | 0.0 | 0.0 | 0.0 |                     0.0 | 0.0 |                     0.0 |                     0.0 | 0.0 | 0.0 | 0.0 | 0.0 | 0.0 | 0.0 | 0.0 | 0.0 | 0.0 | 0.0 | 0.0 | 0.0 | 0.0 | 0.0 | 0.0 | 0.0 | 0.0 | 0.0 | 0.0 | 0.0 | 0.0 | 0.0 | 0.0 | 0.0 | 0.0 | 0.0 | 0.0 | 0.0 | 0.0 | 0.0 | 0.0 |
|      3HWC J1951+266.spatial.lat_0 |                     0.0 | 0.0 |                    0.0 |                     0.0 | 0.0 | 0.0 | 0.0 | 0.0 | 0.0 |                     0.0 | 0.0 |                     0.0 |                     0.0 | 0.0 | 0.0 | 0.0 | 0.0 | 0.0 | 0.0 | 0.0 | 0.0 | 0.0 | 0.0 | 0.0 | 0.0 | 0.0 | 0.0 | 0.0 | 0.0 | 0.0 | 0.0 | 0.0 | 0.0 | 0.0 | 0.0 | 0.0 | 0.0 | 0.0 | 0.0 | 0.0 | 0.0 | 0.0 | 0.0 | 0.0 |
|        3HWC J1951+266.spatial.r_0 |                     0.0 | 0.0 |                    0.0 |                     0.0 | 0.0 | 0.0 | 0.0 | 0.0 | 0.0 |                     0.0 | 0.0 |                     0.0 |                     0.0 | 0.0 | 0.0 | 0.0 | 0.0 | 0.0 | 0.0 | 0.0 | 0.0 | 0.0 | 0.0 | 0.0 | 0.0 | 0.0 | 0.0 | 0.0 | 0.0 | 0.0 | 0.0 | 0.0 | 0.0 | 0.0 | 0.0 | 0.0 | 0.0 | 0.0 | 0.0 | 0.0 | 0.0 | 0.0 | 0.0 | 0.0 |
|          3HWC J1951+266.spatial.e |                     0.0 | 0.0 |                    0.0 |                     0.0 | 0.0 | 0.0 | 0.0 | 0.0 | 0.0 |                     0.0 | 0.0 |                     0.0 |                     0.0 | 0.0 | 0.0 | 0.0 | 0.0 | 0.0 | 0.0 | 0.0 | 0.0 | 0.0 | 0.0 | 0.0 | 0.0 | 0.0 | 0.0 | 0.0 | 0.0 | 0.0 | 0.0 | 0.0 | 0.0 | 0.0 | 0.0 | 0.0 | 0.0 | 0.0 | 0.0 | 0.0 | 0.0 | 0.0 | 0.0 | 0.0 |
|        3HWC J1951+266.spatial.phi |                     0.0 | 0.0 |                    0.0 |                     0.0 | 0.0 | 0.0 | 0.0 | 0.0 | 0.0 |                     0.0 | 0.0 |                     0.0 |                     0.0 | 0.0 | 0.0 | 0.0 | 0.0 | 0.0 | 0.0 | 0.0 | 0.0 | 0.0 | 0.0 | 0.0 | 0.0 | 0.0 | 0.0 | 0.0 | 0.0 | 0.0 | 0.0 | 0.0 | 0.0 | 0.0 | 0.0 | 0.0 | 0.0 | 0.0 | 0.0 | 0.0 | 0.0 | 0.0 | 0.0 | 0.0 |
| 3HWC J1951+266.spatial.edge_width |                     0.0 | 0.0 |                    0.0 |                     0.0 | 0.0 | 0.0 | 0.0 | 0.0 | 0.0 |                     0.0 | 0.0 |                     0.0 |                     0.0 | 0.0 | 0.0 | 0.0 | 0.0 | 0.0 | 0.0 | 0.0 | 0.0 | 0.0 | 0.0 | 0.0 | 0.0 | 0.0 | 0.0 | 0.0 | 0.0 | 0.0 | 0.0 | 0.0 | 0.0 | 0.0 | 0.0 | 0.0 | 0.0 | 0.0 | 0.0 | 0.0 | 0.0 | 0.0 | 0.0 | 0.0 |
