|                           Parameters |                       0 |                      1 |   2 |   3 |                       4 |                       5 |                       6 |   7 |   8 |                       9 |                      10 |  11 |                      12 |  13 |                      14 |                      15 |  16 |                      17 |  18 |                      19 |                      20 |  21 |                      22 |  23 |  24 |  25 |  26 |  27 |  28 |  29 |  30 |  31 |  32 |  33 |  34 |  35 |  36 |  37 |  38 |  39 |  40 |
|     cygnus_background.spectral.index |       0.081959892510678 | -5.402000493474714e-15 | 0.0 | 0.0 |  0.00014658895572535998 | -2.1398946795832632e-07 |  -8.162635587795748e-07 | 0.0 | 0.0 | -1.3677066626705175e-05 | -1.2249322624526085e-18 | 0.0 |  -2.115632060790752e-06 | 0.0 |  -0.0001404010247212463 |  -1.218773443184349e-16 | 0.0 | -7.5530457860021695e-06 | 0.0 | -0.00015489422401157452 |  -8.324223780720566e-17 | 0.0 |  -3.699599318595503e-06 | 0.0 | 0.0 | 0.0 | 0.0 | 0.0 | 0.0 | 0.0 | 0.0 | 0.0 | 0.0 | 0.0 | 0.0 | 0.0 | 0.0 | 0.0 | 0.0 | 0.0 | 0.0 |
| cygnus_background.spectral.amplitude |  -5.402000493474714e-15 | 3.5798708670507773e-28 | 0.0 | 0.0 |  -2.740777324262638e-18 |   6.528335475193219e-21 |  2.3536208299680658e-20 | 0.0 | 0.0 |  3.6937354065890204e-19 |  3.0969000639580494e-32 | 0.0 |  5.1509931419511035e-20 | 0.0 |  4.1236114797315394e-18 |  3.5407254827385385e-30 | 0.0 |  2.1651604144318362e-19 | 0.0 |   4.346180658416003e-18 |  2.3112743697101123e-30 | 0.0 |   9.957076822558488e-20 | 0.0 | 0.0 | 0.0 | 0.0 | 0.0 | 0.0 | 0.0 | 0.0 | 0.0 | 0.0 | 0.0 | 0.0 | 0.0 | 0.0 | 0.0 | 0.0 | 0.0 | 0.0 |
| cygnus_background.spectral.reference |                     0.0 |                    0.0 | 0.0 | 0.0 |                     0.0 |                     0.0 |                     0.0 | 0.0 | 0.0 |                     0.0 |                     0.0 | 0.0 |                     0.0 | 0.0 |                     0.0 |                     0.0 | 0.0 |                     0.0 | 0.0 |                     0.0 |                     0.0 | 0.0 |                     0.0 | 0.0 | 0.0 | 0.0 | 0.0 | 0.0 | 0.0 | 0.0 | 0.0 | 0.0 | 0.0 | 0.0 | 0.0 | 0.0 | 0.0 | 0.0 | 0.0 | 0.0 | 0.0 |
|      cygnus_background.spatial.lon_0 |                     0.0 |                    0.0 | 0.0 | 0.0 |                     0.0 |                     0.0 |                     0.0 | 0.0 | 0.0 |                     0.0 |                     0.0 | 0.0 |                     0.0 | 0.0 |                     0.0 |                     0.0 | 0.0 |                     0.0 | 0.0 |                     0.0 |                     0.0 | 0.0 |                     0.0 | 0.0 | 0.0 | 0.0 | 0.0 | 0.0 | 0.0 | 0.0 | 0.0 | 0.0 | 0.0 | 0.0 | 0.0 | 0.0 | 0.0 | 0.0 | 0.0 | 0.0 | 0.0 |
|      cygnus_background.spatial.lat_0 |  0.00014658895572535998 | -2.740777324262638e-18 | 0.0 | 0.0 |    0.017130631521642486 | -4.1461276792987405e-07 | -1.3876277653859022e-06 | 0.0 | 0.0 | -1.8517077774794778e-06 | -1.7309951165753755e-19 | 0.0 |  -3.057706476151985e-07 | 0.0 |  -1.787089905131347e-05 | -1.5646472905006954e-17 | 0.0 |  -9.796723309585117e-07 | 0.0 | -2.0412354015950615e-05 | -1.1053714931783332e-17 | 0.0 |   -5.02097941788945e-07 | 0.0 | 0.0 | 0.0 | 0.0 | 0.0 | 0.0 | 0.0 | 0.0 | 0.0 | 0.0 | 0.0 | 0.0 | 0.0 | 0.0 | 0.0 | 0.0 | 0.0 | 0.0 |
|        cygnus_background.spatial.r_0 | -2.1398946795832632e-07 |  6.528335475193219e-21 | 0.0 | 0.0 | -4.1461276792987405e-07 |  1.9235249432744676e-08 | -2.2758561478353655e-10 | 0.0 | 0.0 | -1.3857136874187258e-10 |  -1.312491948212843e-23 | 0.0 | -2.3354115906836748e-11 | 0.0 |  -1.321778943022907e-09 | -1.1596807994582371e-21 | 0.0 |  -7.267204260416902e-11 | 0.0 | -1.5237649756651077e-09 |  -8.268227676139347e-22 | 0.0 |  -3.769834579967376e-11 | 0.0 | 0.0 | 0.0 | 0.0 | 0.0 | 0.0 | 0.0 | 0.0 | 0.0 | 0.0 | 0.0 | 0.0 | 0.0 | 0.0 | 0.0 | 0.0 | 0.0 | 0.0 |
|          cygnus_background.spatial.e |  -8.162635587795748e-07 | 2.3536208299680658e-20 | 0.0 | 0.0 | -1.3876277653859022e-06 | -2.2758561478353655e-10 |   4.899681655784963e-07 | 0.0 | 0.0 | -1.4010579248684103e-09 | -1.3156959903078675e-22 | 0.0 |  -2.330293483152802e-10 | 0.0 |  -1.338332420884519e-08 |  -1.172965034084989e-20 | 0.0 |  -7.354800082709927e-10 | 0.0 | -1.5341160954275686e-08 |   -8.31482908782803e-21 | 0.0 | -3.7847011649294963e-10 | 0.0 | 0.0 | 0.0 | 0.0 | 0.0 | 0.0 | 0.0 | 0.0 | 0.0 | 0.0 | 0.0 | 0.0 | 0.0 | 0.0 | 0.0 | 0.0 | 0.0 | 0.0 |
|        cygnus_background.spatial.phi |                     0.0 |                    0.0 | 0.0 | 0.0 |                     0.0 |                     0.0 |                     0.0 | 0.0 | 0.0 |                     0.0 |                     0.0 | 0.0 |                     0.0 | 0.0 |                     0.0 |                     0.0 | 0.0 |                     0.0 | 0.0 |                     0.0 |                     0.0 | 0.0 |                     0.0 | 0.0 | 0.0 | 0.0 | 0.0 | 0.0 | 0.0 | 0.0 | 0.0 | 0.0 | 0.0 | 0.0 | 0.0 | 0.0 | 0.0 | 0.0 | 0.0 | 0.0 | 0.0 |
| cygnus_background.spatial.edge_width |                     0.0 |                    0.0 | 0.0 | 0.0 |                     0.0 |                     0.0 |                     0.0 | 0.0 | 0.0 |                     0.0 |                     0.0 | 0.0 |                     0.0 | 0.0 |                     0.0 |                     0.0 | 0.0 |                     0.0 | 0.0 |                     0.0 |                     0.0 | 0.0 |                     0.0 | 0.0 | 0.0 | 0.0 | 0.0 | 0.0 | 0.0 | 0.0 | 0.0 | 0.0 | 0.0 | 0.0 | 0.0 | 0.0 | 0.0 | 0.0 | 0.0 | 0.0 | 0.0 |
|         VER J2020+368.spectral.index | -1.3677066626705175e-05 | 3.6937354065890204e-19 | 0.0 | 0.0 | -1.8517077774794778e-06 | -1.3857136874187258e-10 | -1.4010579248684103e-09 | 0.0 | 0.0 |     0.03650994758082248 |    1.82422523519991e-15 | 0.0 | -0.00041226903064567447 | 0.0 |  -0.0003296578474580275 | -2.1162503806936414e-16 | 0.0 |  -3.062369567941776e-05 | 0.0 |  1.6583176675113088e-06 |    8.97730885940424e-19 | 0.0 |  4.1021573758215714e-08 | 0.0 | 0.0 | 0.0 | 0.0 | 0.0 | 0.0 | 0.0 | 0.0 | 0.0 | 0.0 | 0.0 | 0.0 | 0.0 | 0.0 | 0.0 | 0.0 | 0.0 | 0.0 |
|     VER J2020+368.spectral.amplitude | -1.2249322624526085e-18 | 3.0969000639580494e-32 | 0.0 | 0.0 | -1.7309951165753755e-19 |  -1.312491948212843e-23 | -1.3156959903078675e-22 | 0.0 | 0.0 |    1.82422523519991e-15 |  1.8277397866534116e-28 | 0.0 |  3.5863942195238913e-16 | 0.0 | -3.1830826044097526e-17 |  -2.978103380532989e-29 | 0.0 |  -3.821320766019815e-18 | 0.0 |  1.5588231014425884e-19 |   8.428507306569911e-32 | 0.0 |   3.826532109579326e-21 | 0.0 | 0.0 | 0.0 | 0.0 | 0.0 | 0.0 | 0.0 | 0.0 | 0.0 | 0.0 | 0.0 | 0.0 | 0.0 | 0.0 | 0.0 | 0.0 | 0.0 | 0.0 |
|     VER J2020+368.spectral.reference |                     0.0 |                    0.0 | 0.0 | 0.0 |                     0.0 |                     0.0 |                     0.0 | 0.0 | 0.0 |                     0.0 |                     0.0 | 0.0 |                     0.0 | 0.0 |                     0.0 |                     0.0 | 0.0 |                     0.0 | 0.0 |                     0.0 |                     0.0 | 0.0 |                     0.0 | 0.0 | 0.0 | 0.0 | 0.0 | 0.0 | 0.0 | 0.0 | 0.0 | 0.0 | 0.0 | 0.0 | 0.0 | 0.0 | 0.0 | 0.0 | 0.0 | 0.0 | 0.0 |
|       VER J2020+368.spectral.lambda_ |  -2.115632060790752e-06 | 5.1509931419511035e-20 | 0.0 | 0.0 |  -3.057706476151985e-07 | -2.3354115906836748e-11 |  -2.330293483152802e-10 | 0.0 | 0.0 | -0.00041226903064567447 |  3.5863942195238913e-16 | 0.0 |    0.002043979053244666 | 0.0 |  -8.766013628851372e-05 |  -5.591275072361739e-17 | 0.0 |  -1.004648190612461e-05 | 0.0 |  2.7619026866764736e-07 |  1.4923383890145927e-19 | 0.0 |   6.744753608136941e-09 | 0.0 | 0.0 | 0.0 | 0.0 | 0.0 | 0.0 | 0.0 | 0.0 | 0.0 | 0.0 | 0.0 | 0.0 | 0.0 | 0.0 | 0.0 | 0.0 | 0.0 | 0.0 |
|         VER J2020+368.spectral.alpha |                     0.0 |                    0.0 | 0.0 | 0.0 |                     0.0 |                     0.0 |                     0.0 | 0.0 | 0.0 |                     0.0 |                     0.0 | 0.0 |                     0.0 | 0.0 |                     0.0 |                     0.0 | 0.0 |                     0.0 | 0.0 |                     0.0 |                     0.0 | 0.0 |                     0.0 | 0.0 | 0.0 | 0.0 | 0.0 | 0.0 | 0.0 | 0.0 | 0.0 | 0.0 | 0.0 | 0.0 | 0.0 | 0.0 | 0.0 | 0.0 | 0.0 | 0.0 | 0.0 |
|         VER J2018+367.spectral.index |  -0.0001404010247212463 | 4.1236114797315394e-18 | 0.0 | 0.0 |  -1.787089905131347e-05 |  -1.321778943022907e-09 |  -1.338332420884519e-08 | 0.0 | 0.0 |  -0.0003296578474580275 | -3.1830826044097526e-17 | 0.0 |  -8.766013628851372e-05 | 0.0 |     0.03624682435742065 |  1.1603094221690911e-14 | 0.0 |  -0.0015320311183931081 | 0.0 |  1.4242710956241014e-05 |   7.844609809285613e-18 | 0.0 |  3.7791548274040506e-07 | 0.0 | 0.0 | 0.0 | 0.0 | 0.0 | 0.0 | 0.0 | 0.0 | 0.0 | 0.0 | 0.0 | 0.0 | 0.0 | 0.0 | 0.0 | 0.0 | 0.0 | 0.0 |
|     VER J2018+367.spectral.amplitude |  -1.218773443184349e-16 | 3.5407254827385385e-30 | 0.0 | 0.0 | -1.5646472905006954e-17 | -1.1596807994582371e-21 |  -1.172965034084989e-20 | 0.0 | 0.0 | -2.1162503806936414e-16 |  -2.978103380532989e-29 | 0.0 |  -5.591275072361739e-17 | 0.0 |  1.1603094221690911e-14 |  1.2213473605365108e-26 | 0.0 |   1.128996752260624e-15 | 0.0 |  1.2679188383266432e-17 |   6.968548120326906e-30 | 0.0 |  3.3337025971187535e-19 | 0.0 | 0.0 | 0.0 | 0.0 | 0.0 | 0.0 | 0.0 | 0.0 | 0.0 | 0.0 | 0.0 | 0.0 | 0.0 | 0.0 | 0.0 | 0.0 | 0.0 | 0.0 |
|     VER J2018+367.spectral.reference |                     0.0 |                    0.0 | 0.0 | 0.0 |                     0.0 |                     0.0 |                     0.0 | 0.0 | 0.0 |                     0.0 |                     0.0 | 0.0 |                     0.0 | 0.0 |                     0.0 |                     0.0 | 0.0 |                     0.0 | 0.0 |                     0.0 |                     0.0 | 0.0 |                     0.0 | 0.0 | 0.0 | 0.0 | 0.0 | 0.0 | 0.0 | 0.0 | 0.0 | 0.0 | 0.0 | 0.0 | 0.0 | 0.0 | 0.0 | 0.0 | 0.0 | 0.0 | 0.0 |
|       VER J2018+367.spectral.lambda_ | -7.5530457860021695e-06 | 2.1651604144318362e-19 | 0.0 | 0.0 |  -9.796723309585117e-07 |  -7.267204260416902e-11 |  -7.354800082709927e-10 | 0.0 | 0.0 |  -3.062369567941776e-05 |  -3.821320766019815e-18 | 0.0 |  -1.004648190612461e-05 | 0.0 |  -0.0015320311183931081 |   1.128996752260624e-15 | 0.0 |   0.0008279786377440367 | 0.0 |   8.138680109856653e-07 |     4.4592891695281e-19 | 0.0 |  2.1125683163541824e-08 | 0.0 | 0.0 | 0.0 | 0.0 | 0.0 | 0.0 | 0.0 | 0.0 | 0.0 | 0.0 | 0.0 | 0.0 | 0.0 | 0.0 | 0.0 | 0.0 | 0.0 | 0.0 |
|         VER J2018+367.spectral.alpha |                     0.0 |                    0.0 | 0.0 | 0.0 |                     0.0 |                     0.0 |                     0.0 | 0.0 | 0.0 |                     0.0 |                     0.0 | 0.0 |                     0.0 | 0.0 |                     0.0 |                     0.0 | 0.0 |                     0.0 | 0.0 |                     0.0 |                     0.0 | 0.0 |                     0.0 | 0.0 | 0.0 | 0.0 | 0.0 | 0.0 | 0.0 | 0.0 | 0.0 | 0.0 | 0.0 | 0.0 | 0.0 | 0.0 | 0.0 | 0.0 | 0.0 | 0.0 | 0.0 |
|         VER J2016+371.spectral.index | -0.00015489422401157452 |  4.346180658416003e-18 | 0.0 | 0.0 | -2.0412354015950615e-05 | -1.5237649756651077e-09 | -1.5341160954275686e-08 | 0.0 | 0.0 |  1.6583176675113088e-06 |  1.5588231014425884e-19 | 0.0 |  2.7619026866764736e-07 | 0.0 |  1.4242710956241014e-05 |  1.2679188383266432e-17 | 0.0 |   8.138680109856653e-07 | 0.0 |    0.035896310606048296 |   6.956499531281621e-15 | 0.0 |   -0.002109441907167887 | 0.0 | 0.0 | 0.0 | 0.0 | 0.0 | 0.0 | 0.0 | 0.0 | 0.0 | 0.0 | 0.0 | 0.0 | 0.0 | 0.0 | 0.0 | 0.0 | 0.0 | 0.0 |
|     VER J2016+371.spectral.amplitude |  -8.324223780720566e-17 | 2.3112743697101123e-30 | 0.0 | 0.0 | -1.1053714931783332e-17 |  -8.268227676139347e-22 |   -8.31482908782803e-21 | 0.0 | 0.0 |    8.97730885940424e-19 |   8.428507306569911e-32 | 0.0 |  1.4923383890145927e-19 | 0.0 |   7.844609809285613e-18 |   6.968548120326906e-30 | 0.0 |     4.4592891695281e-19 | 0.0 |   6.956499531281621e-15 |   4.866902516641005e-27 | 0.0 |   5.496465878378376e-16 | 0.0 | 0.0 | 0.0 | 0.0 | 0.0 | 0.0 | 0.0 | 0.0 | 0.0 | 0.0 | 0.0 | 0.0 | 0.0 | 0.0 | 0.0 | 0.0 | 0.0 | 0.0 |
|     VER J2016+371.spectral.reference |                     0.0 |                    0.0 | 0.0 | 0.0 |                     0.0 |                     0.0 |                     0.0 | 0.0 | 0.0 |                     0.0 |                     0.0 | 0.0 |                     0.0 | 0.0 |                     0.0 |                     0.0 | 0.0 |                     0.0 | 0.0 |                     0.0 |                     0.0 | 0.0 |                     0.0 | 0.0 | 0.0 | 0.0 | 0.0 | 0.0 | 0.0 | 0.0 | 0.0 | 0.0 | 0.0 | 0.0 | 0.0 | 0.0 | 0.0 | 0.0 | 0.0 | 0.0 | 0.0 |
|       VER J2016+371.spectral.lambda_ |  -3.699599318595503e-06 |  9.957076822558488e-20 | 0.0 | 0.0 |   -5.02097941788945e-07 |  -3.769834579967376e-11 | -3.7847011649294963e-10 | 0.0 | 0.0 |  4.1021573758215714e-08 |   3.826532109579326e-21 | 0.0 |   6.744753608136941e-09 | 0.0 |  3.7791548274040506e-07 |  3.3337025971187535e-19 | 0.0 |  2.1125683163541824e-08 | 0.0 |   -0.002109441907167887 |   5.496465878378376e-16 | 0.0 |   0.0008700754387723755 | 0.0 | 0.0 | 0.0 | 0.0 | 0.0 | 0.0 | 0.0 | 0.0 | 0.0 | 0.0 | 0.0 | 0.0 | 0.0 | 0.0 | 0.0 | 0.0 | 0.0 | 0.0 |
|         VER J2016+371.spectral.alpha |                     0.0 |                    0.0 | 0.0 | 0.0 |                     0.0 |                     0.0 |                     0.0 | 0.0 | 0.0 |                     0.0 |                     0.0 | 0.0 |                     0.0 | 0.0 |                     0.0 |                     0.0 | 0.0 |                     0.0 | 0.0 |                     0.0 |                     0.0 | 0.0 |                     0.0 | 0.0 | 0.0 | 0.0 | 0.0 | 0.0 | 0.0 | 0.0 | 0.0 | 0.0 | 0.0 | 0.0 | 0.0 | 0.0 | 0.0 | 0.0 | 0.0 | 0.0 | 0.0 |
|          VER J2019+407.spectral.norm |                     0.0 |                    0.0 | 0.0 | 0.0 |                     0.0 |                     0.0 |                     0.0 | 0.0 | 0.0 |                     0.0 |                     0.0 | 0.0 |                     0.0 | 0.0 |                     0.0 |                     0.0 | 0.0 |                     0.0 | 0.0 |                     0.0 |                     0.0 | 0.0 |                     0.0 | 0.0 | 0.0 | 0.0 | 0.0 | 0.0 | 0.0 | 0.0 | 0.0 | 0.0 | 0.0 | 0.0 | 0.0 | 0.0 | 0.0 | 0.0 | 0.0 | 0.0 | 0.0 |
|         3HWC J2010+345.spectral.norm |                     0.0 |                    0.0 | 0.0 | 0.0 |                     0.0 |                     0.0 |                     0.0 | 0.0 | 0.0 |                     0.0 |                     0.0 | 0.0 |                     0.0 | 0.0 |                     0.0 |                     0.0 | 0.0 |                     0.0 | 0.0 |                     0.0 |                     0.0 | 0.0 |                     0.0 | 0.0 | 0.0 | 0.0 | 0.0 | 0.0 | 0.0 | 0.0 | 0.0 | 0.0 | 0.0 | 0.0 | 0.0 | 0.0 | 0.0 | 0.0 | 0.0 | 0.0 | 0.0 |
|         3HWC J2010+345.spatial.lon_0 |                     0.0 |                    0.0 | 0.0 | 0.0 |                     0.0 |                     0.0 |                     0.0 | 0.0 | 0.0 |                     0.0 |                     0.0 | 0.0 |                     0.0 | 0.0 |                     0.0 |                     0.0 | 0.0 |                     0.0 | 0.0 |                     0.0 |                     0.0 | 0.0 |                     0.0 | 0.0 | 0.0 | 0.0 | 0.0 | 0.0 | 0.0 | 0.0 | 0.0 | 0.0 | 0.0 | 0.0 | 0.0 | 0.0 | 0.0 | 0.0 | 0.0 | 0.0 | 0.0 |
|         3HWC J2010+345.spatial.lat_0 |                     0.0 |                    0.0 | 0.0 | 0.0 |                     0.0 |                     0.0 |                     0.0 | 0.0 | 0.0 |                     0.0 |                     0.0 | 0.0 |                     0.0 | 0.0 |                     0.0 |                     0.0 | 0.0 |                     0.0 | 0.0 |                     0.0 |                     0.0 | 0.0 |                     0.0 | 0.0 | 0.0 | 0.0 | 0.0 | 0.0 | 0.0 | 0.0 | 0.0 | 0.0 | 0.0 | 0.0 | 0.0 | 0.0 | 0.0 | 0.0 | 0.0 | 0.0 | 0.0 |
|         3HWC J2006+340.spectral.norm |                     0.0 |                    0.0 | 0.0 | 0.0 |                     0.0 |                     0.0 |                     0.0 | 0.0 | 0.0 |                     0.0 |                     0.0 | 0.0 |                     0.0 | 0.0 |                     0.0 |                     0.0 | 0.0 |                     0.0 | 0.0 |                     0.0 |                     0.0 | 0.0 |                     0.0 | 0.0 | 0.0 | 0.0 | 0.0 | 0.0 | 0.0 | 0.0 | 0.0 | 0.0 | 0.0 | 0.0 | 0.0 | 0.0 | 0.0 | 0.0 | 0.0 | 0.0 | 0.0 |
|         3HWC J2006+340.spatial.lon_0 |                     0.0 |                    0.0 | 0.0 | 0.0 |                     0.0 |                     0.0 |                     0.0 | 0.0 | 0.0 |                     0.0 |                     0.0 | 0.0 |                     0.0 | 0.0 |                     0.0 |                     0.0 | 0.0 |                     0.0 | 0.0 |                     0.0 |                     0.0 | 0.0 |                     0.0 | 0.0 | 0.0 | 0.0 | 0.0 | 0.0 | 0.0 | 0.0 | 0.0 | 0.0 | 0.0 | 0.0 | 0.0 | 0.0 | 0.0 | 0.0 | 0.0 | 0.0 | 0.0 |
|         3HWC J2006+340.spatial.lat_0 |                     0.0 |                    0.0 | 0.0 | 0.0 |                     0.0 |                     0.0 |                     0.0 | 0.0 | 0.0 |                     0.0 |                     0.0 | 0.0 |                     0.0 | 0.0 |                     0.0 |                     0.0 | 0.0 |                     0.0 | 0.0 |                     0.0 |                     0.0 | 0.0 |                     0.0 | 0.0 | 0.0 | 0.0 | 0.0 | 0.0 | 0.0 | 0.0 | 0.0 | 0.0 | 0.0 | 0.0 | 0.0 | 0.0 | 0.0 | 0.0 | 0.0 | 0.0 | 0.0 |
|         3HWC J2005+311.spectral.norm |                     0.0 |                    0.0 | 0.0 | 0.0 |                     0.0 |                     0.0 |                     0.0 | 0.0 | 0.0 |                     0.0 |                     0.0 | 0.0 |                     0.0 | 0.0 |                     0.0 |                     0.0 | 0.0 |                     0.0 | 0.0 |                     0.0 |                     0.0 | 0.0 |                     0.0 | 0.0 | 0.0 | 0.0 | 0.0 | 0.0 | 0.0 | 0.0 | 0.0 | 0.0 | 0.0 | 0.0 | 0.0 | 0.0 | 0.0 | 0.0 | 0.0 | 0.0 | 0.0 |
|         3HWC J2005+311.spatial.lon_0 |                     0.0 |                    0.0 | 0.0 | 0.0 |                     0.0 |                     0.0 |                     0.0 | 0.0 | 0.0 |                     0.0 |                     0.0 | 0.0 |                     0.0 | 0.0 |                     0.0 |                     0.0 | 0.0 |                     0.0 | 0.0 |                     0.0 |                     0.0 | 0.0 |                     0.0 | 0.0 | 0.0 | 0.0 | 0.0 | 0.0 | 0.0 | 0.0 | 0.0 | 0.0 | 0.0 | 0.0 | 0.0 | 0.0 | 0.0 | 0.0 | 0.0 | 0.0 | 0.0 |
|         3HWC J2005+311.spatial.lat_0 |                     0.0 |                    0.0 | 0.0 | 0.0 |                     0.0 |                     0.0 |                     0.0 | 0.0 | 0.0 |                     0.0 |                     0.0 | 0.0 |                     0.0 | 0.0 |                     0.0 |                     0.0 | 0.0 |                     0.0 | 0.0 |                     0.0 |                     0.0 | 0.0 |                     0.0 | 0.0 | 0.0 | 0.0 | 0.0 | 0.0 | 0.0 | 0.0 | 0.0 | 0.0 | 0.0 | 0.0 | 0.0 | 0.0 | 0.0 | 0.0 | 0.0 | 0.0 | 0.0 |
|         3HWC J2023+324.spectral.norm |                     0.0 |                    0.0 | 0.0 | 0.0 |                     0.0 |                     0.0 |                     0.0 | 0.0 | 0.0 |                     0.0 |                     0.0 | 0.0 |                     0.0 | 0.0 |                     0.0 |                     0.0 | 0.0 |                     0.0 | 0.0 |                     0.0 |                     0.0 | 0.0 |                     0.0 | 0.0 | 0.0 | 0.0 | 0.0 | 0.0 | 0.0 | 0.0 | 0.0 | 0.0 | 0.0 | 0.0 | 0.0 | 0.0 | 0.0 | 0.0 | 0.0 | 0.0 | 0.0 |
|         3HWC J2023+324.spatial.lon_0 |                     0.0 |                    0.0 | 0.0 | 0.0 |                     0.0 |                     0.0 |                     0.0 | 0.0 | 0.0 |                     0.0 |                     0.0 | 0.0 |                     0.0 | 0.0 |                     0.0 |                     0.0 | 0.0 |                     0.0 | 0.0 |                     0.0 |                     0.0 | 0.0 |                     0.0 | 0.0 | 0.0 | 0.0 | 0.0 | 0.0 | 0.0 | 0.0 | 0.0 | 0.0 | 0.0 | 0.0 | 0.0 | 0.0 | 0.0 | 0.0 | 0.0 | 0.0 | 0.0 |
|         3HWC J2023+324.spatial.lat_0 |                     0.0 |                    0.0 | 0.0 | 0.0 |                     0.0 |                     0.0 |                     0.0 | 0.0 | 0.0 |                     0.0 |                     0.0 | 0.0 |                     0.0 | 0.0 |                     0.0 |                     0.0 | 0.0 |                     0.0 | 0.0 |                     0.0 |                     0.0 | 0.0 |                     0.0 | 0.0 | 0.0 | 0.0 | 0.0 | 0.0 | 0.0 | 0.0 | 0.0 | 0.0 | 0.0 | 0.0 | 0.0 | 0.0 | 0.0 | 0.0 | 0.0 | 0.0 | 0.0 |
|           3HWC J2023+324.spatial.r_0 |                     0.0 |                    0.0 | 0.0 | 0.0 |                     0.0 |                     0.0 |                     0.0 | 0.0 | 0.0 |                     0.0 |                     0.0 | 0.0 |                     0.0 | 0.0 |                     0.0 |                     0.0 | 0.0 |                     0.0 | 0.0 |                     0.0 |                     0.0 | 0.0 |                     0.0 | 0.0 | 0.0 | 0.0 | 0.0 | 0.0 | 0.0 | 0.0 | 0.0 | 0.0 | 0.0 | 0.0 | 0.0 | 0.0 | 0.0 | 0.0 | 0.0 | 0.0 | 0.0 |
|             3HWC J2023+324.spatial.e |                     0.0 |                    0.0 | 0.0 | 0.0 |                     0.0 |                     0.0 |                     0.0 | 0.0 | 0.0 |                     0.0 |                     0.0 | 0.0 |                     0.0 | 0.0 |                     0.0 |                     0.0 | 0.0 |                     0.0 | 0.0 |                     0.0 |                     0.0 | 0.0 |                     0.0 | 0.0 | 0.0 | 0.0 | 0.0 | 0.0 | 0.0 | 0.0 | 0.0 | 0.0 | 0.0 | 0.0 | 0.0 | 0.0 | 0.0 | 0.0 | 0.0 | 0.0 | 0.0 |
|           3HWC J2023+324.spatial.phi |                     0.0 |                    0.0 | 0.0 | 0.0 |                     0.0 |                     0.0 |                     0.0 | 0.0 | 0.0 |                     0.0 |                     0.0 | 0.0 |                     0.0 | 0.0 |                     0.0 |                     0.0 | 0.0 |                     0.0 | 0.0 |                     0.0 |                     0.0 | 0.0 |                     0.0 | 0.0 | 0.0 | 0.0 | 0.0 | 0.0 | 0.0 | 0.0 | 0.0 | 0.0 | 0.0 | 0.0 | 0.0 | 0.0 | 0.0 | 0.0 | 0.0 | 0.0 | 0.0 |
|    3HWC J2023+324.spatial.edge_width |                     0.0 |                    0.0 | 0.0 | 0.0 |                     0.0 |                     0.0 |                     0.0 | 0.0 | 0.0 |                     0.0 |                     0.0 | 0.0 |                     0.0 | 0.0 |                     0.0 |                     0.0 | 0.0 |                     0.0 | 0.0 |                     0.0 |                     0.0 | 0.0 |                     0.0 | 0.0 | 0.0 | 0.0 | 0.0 | 0.0 | 0.0 | 0.0 | 0.0 | 0.0 | 0.0 | 0.0 | 0.0 | 0.0 | 0.0 | 0.0 | 0.0 | 0.0 | 0.0 |
