|                           Parameters |                       0 |                      1 |   2 |   3 |                      4 |                       5 |                       6 |   7 |   8 |                       9 |                      10 |  11 |                      12 |  13 |                      14 |                      15 |  16 |                      17 |  18 |                      19 |                     20 |  21 |                     22 |  23 |  24 |  25 |  26 |  27 |  28 |  29 |  30 |  31 |  32 |  33 |  34 |  35 |  36 |  37 |  38 |  39 |  40 |
|     cygnus_background.spectral.index |     0.09007636783148722 | -6.212839320069784e-15 | 0.0 | 0.0 | -0.0001540449637099198 | -1.5072202228527672e-07 | -4.3746615296259993e-07 | 0.0 | 0.0 |   -1.31745411679263e-05 | -1.1045212021977316e-18 | 0.0 | -2.0739664795331653e-06 | 0.0 |   -0.000145133186971032 | -1.2979290203286305e-16 | 0.0 | -7.4657563029272265e-06 | 0.0 | -0.00016241840766596468 | -8.850080316251554e-17 | 0.0 | -3.906236158341563e-06 | 0.0 | 0.0 | 0.0 | 0.0 | 0.0 | 0.0 | 0.0 | 0.0 | 0.0 | 0.0 | 0.0 | 0.0 | 0.0 | 0.0 | 0.0 | 0.0 | 0.0 | 0.0 |
| cygnus_background.spectral.amplitude |  -6.212839320069784e-15 |  4.308438284360392e-28 | 0.0 | 0.0 |  5.541225584464585e-18 |   5.096915282030123e-21 |   1.437804784702855e-20 | 0.0 | 0.0 |   3.877484725393583e-19 |   3.039013886247902e-32 | 0.0 |   5.504892572665741e-20 | 0.0 |   4.584571816481082e-18 |    4.05804109563682e-30 | 0.0 |  2.3041404166378813e-19 | 0.0 |   4.887004851523628e-18 | 2.6368590261732347e-30 | 0.0 | 1.1343660339381795e-19 | 0.0 | 0.0 | 0.0 | 0.0 | 0.0 | 0.0 | 0.0 | 0.0 | 0.0 | 0.0 | 0.0 | 0.0 | 0.0 | 0.0 | 0.0 | 0.0 | 0.0 | 0.0 |
| cygnus_background.spectral.reference |                     0.0 |                    0.0 | 0.0 | 0.0 |                    0.0 |                     0.0 |                     0.0 | 0.0 | 0.0 |                     0.0 |                     0.0 | 0.0 |                     0.0 | 0.0 |                     0.0 |                     0.0 | 0.0 |                     0.0 | 0.0 |                     0.0 |                    0.0 | 0.0 |                    0.0 | 0.0 | 0.0 | 0.0 | 0.0 | 0.0 | 0.0 | 0.0 | 0.0 | 0.0 | 0.0 | 0.0 | 0.0 | 0.0 | 0.0 | 0.0 | 0.0 | 0.0 | 0.0 |
|      cygnus_background.spatial.lon_0 |                     0.0 |                    0.0 | 0.0 | 0.0 |                    0.0 |                     0.0 |                     0.0 | 0.0 | 0.0 |                     0.0 |                     0.0 | 0.0 |                     0.0 | 0.0 |                     0.0 |                     0.0 | 0.0 |                     0.0 | 0.0 |                     0.0 |                    0.0 | 0.0 |                    0.0 | 0.0 | 0.0 | 0.0 | 0.0 | 0.0 | 0.0 | 0.0 | 0.0 | 0.0 | 0.0 | 0.0 | 0.0 | 0.0 | 0.0 | 0.0 | 0.0 | 0.0 | 0.0 |
|      cygnus_background.spatial.lat_0 |  -0.0001540449637099198 |  5.541225584464585e-18 | 0.0 | 0.0 |   0.033375316108364785 |   -1.27764081553947e-07 |  -6.240231281745814e-07 | 0.0 | 0.0 |  1.1802626847993868e-06 |  1.0366262405305929e-19 | 0.0 |    1.99139141593069e-07 | 0.0 |  1.2307817931043529e-05 |  1.1100066892564257e-17 | 0.0 |   6.451516383589001e-07 | 0.0 |  1.4317626104000536e-05 |  7.859633756972901e-18 | 0.0 |  3.535108622438658e-07 | 0.0 | 0.0 | 0.0 | 0.0 | 0.0 | 0.0 | 0.0 | 0.0 | 0.0 | 0.0 | 0.0 | 0.0 | 0.0 | 0.0 | 0.0 | 0.0 | 0.0 | 0.0 |
|        cygnus_background.spatial.r_0 | -1.5072202228527672e-07 |  5.096915282030123e-21 | 0.0 | 0.0 |  -1.27764081553947e-07 |  1.0208943395993098e-08 |  -7.328634534758855e-11 | 0.0 | 0.0 | -1.3546684566103715e-11 |  -1.275694683362431e-24 | 0.0 | -2.5252302836902738e-12 | 0.0 | -1.2982666502963562e-10 |   -1.18857057058791e-22 | 0.0 |  -7.005391108516939e-12 | 0.0 | -1.5942275919826255e-10 | -8.884888220189983e-23 | 0.0 | -4.190151492687725e-12 | 0.0 | 0.0 | 0.0 | 0.0 | 0.0 | 0.0 | 0.0 | 0.0 | 0.0 | 0.0 | 0.0 | 0.0 | 0.0 | 0.0 | 0.0 | 0.0 | 0.0 | 0.0 |
|          cygnus_background.spatial.e | -4.3746615296259993e-07 |  1.437804784702855e-20 | 0.0 | 0.0 | -6.240231281745814e-07 |  -7.328634534758855e-11 |   9.698113243187135e-07 | 0.0 | 0.0 |   -1.28792908200022e-10 | -1.1448815545085492e-23 | 0.0 | -2.1855813647041635e-11 | 0.0 | -1.3436405292878583e-09 |  -1.216992716889719e-21 | 0.0 |  -7.022099912773538e-11 | 0.0 |  -1.561453256800581e-09 | -8.645095763413286e-22 | 0.0 | -4.045581146105999e-11 | 0.0 | 0.0 | 0.0 | 0.0 | 0.0 | 0.0 | 0.0 | 0.0 | 0.0 | 0.0 | 0.0 | 0.0 | 0.0 | 0.0 | 0.0 | 0.0 | 0.0 | 0.0 |
|        cygnus_background.spatial.phi |                     0.0 |                    0.0 | 0.0 | 0.0 |                    0.0 |                     0.0 |                     0.0 | 0.0 | 0.0 |                     0.0 |                     0.0 | 0.0 |                     0.0 | 0.0 |                     0.0 |                     0.0 | 0.0 |                     0.0 | 0.0 |                     0.0 |                    0.0 | 0.0 |                    0.0 | 0.0 | 0.0 | 0.0 | 0.0 | 0.0 | 0.0 | 0.0 | 0.0 | 0.0 | 0.0 | 0.0 | 0.0 | 0.0 | 0.0 | 0.0 | 0.0 | 0.0 | 0.0 |
| cygnus_background.spatial.edge_width |                     0.0 |                    0.0 | 0.0 | 0.0 |                    0.0 |                     0.0 |                     0.0 | 0.0 | 0.0 |                     0.0 |                     0.0 | 0.0 |                     0.0 | 0.0 |                     0.0 |                     0.0 | 0.0 |                     0.0 | 0.0 |                     0.0 |                    0.0 | 0.0 |                    0.0 | 0.0 | 0.0 | 0.0 | 0.0 | 0.0 | 0.0 | 0.0 | 0.0 | 0.0 | 0.0 | 0.0 | 0.0 | 0.0 | 0.0 | 0.0 | 0.0 | 0.0 | 0.0 |
|         VER J2020+368.spectral.index |   -1.31745411679263e-05 |  3.877484725393583e-19 | 0.0 | 0.0 | 1.1802626847993868e-06 | -1.3546684566103715e-11 |   -1.28792908200022e-10 | 0.0 | 0.0 |    0.036179058097343265 |   1.685042594036643e-15 | 0.0 | -0.00042748962283027404 | 0.0 |  -0.0003034917956779005 | -1.9541269624980817e-16 | 0.0 |  -2.708447346584248e-05 | 0.0 |    1.46002845182078e-06 |  7.990257763465415e-19 | 0.0 | 3.5226243487542214e-08 | 0.0 | 0.0 | 0.0 | 0.0 | 0.0 | 0.0 | 0.0 | 0.0 | 0.0 | 0.0 | 0.0 | 0.0 | 0.0 | 0.0 | 0.0 | 0.0 | 0.0 | 0.0 |
|     VER J2020+368.spectral.amplitude | -1.1045212021977316e-18 |  3.039013886247902e-32 | 0.0 | 0.0 | 1.0366262405305929e-19 |  -1.275694683362431e-24 | -1.1448815545085492e-23 | 0.0 | 0.0 |   1.685042594036643e-15 |  1.5897387469847447e-28 | 0.0 |   3.381438305522994e-16 | 0.0 | -2.7449397046607768e-17 |  -2.636375276569005e-29 | 0.0 | -3.2268861828581354e-18 | 0.0 |  1.2896773878660083e-19 |  7.054572265504263e-32 | 0.0 |  3.105745915456934e-21 | 0.0 | 0.0 | 0.0 | 0.0 | 0.0 | 0.0 | 0.0 | 0.0 | 0.0 | 0.0 | 0.0 | 0.0 | 0.0 | 0.0 | 0.0 | 0.0 | 0.0 | 0.0 |
|     VER J2020+368.spectral.reference |                     0.0 |                    0.0 | 0.0 | 0.0 |                    0.0 |                     0.0 |                     0.0 | 0.0 | 0.0 |                     0.0 |                     0.0 | 0.0 |                     0.0 | 0.0 |                     0.0 |                     0.0 | 0.0 |                     0.0 | 0.0 |                     0.0 |                    0.0 | 0.0 |                    0.0 | 0.0 | 0.0 | 0.0 | 0.0 | 0.0 | 0.0 | 0.0 | 0.0 | 0.0 | 0.0 | 0.0 | 0.0 | 0.0 | 0.0 | 0.0 | 0.0 | 0.0 | 0.0 |
|       VER J2020+368.spectral.lambda_ | -2.0739664795331653e-06 |  5.504892572665741e-20 | 0.0 | 0.0 |   1.99139141593069e-07 | -2.5252302836902738e-12 | -2.1855813647041635e-11 | 0.0 | 0.0 | -0.00042748962283027404 |   3.381438305522994e-16 | 0.0 |    0.002075170167855854 | 0.0 |  -8.261942306207721e-05 |  -5.285860847657921e-17 | 0.0 |  -9.139029339981589e-06 | 0.0 |  2.4829954813947247e-07 |  1.358445606314697e-19 | 0.0 | 5.9795925843528245e-09 | 0.0 | 0.0 | 0.0 | 0.0 | 0.0 | 0.0 | 0.0 | 0.0 | 0.0 | 0.0 | 0.0 | 0.0 | 0.0 | 0.0 | 0.0 | 0.0 | 0.0 | 0.0 |
|         VER J2020+368.spectral.alpha |                     0.0 |                    0.0 | 0.0 | 0.0 |                    0.0 |                     0.0 |                     0.0 | 0.0 | 0.0 |                     0.0 |                     0.0 | 0.0 |                     0.0 | 0.0 |                     0.0 |                     0.0 | 0.0 |                     0.0 | 0.0 |                     0.0 |                    0.0 | 0.0 |                    0.0 | 0.0 | 0.0 | 0.0 | 0.0 | 0.0 | 0.0 | 0.0 | 0.0 | 0.0 | 0.0 | 0.0 | 0.0 | 0.0 | 0.0 | 0.0 | 0.0 | 0.0 | 0.0 |
|         VER J2018+367.spectral.index |   -0.000145133186971032 |  4.584571816481082e-18 | 0.0 | 0.0 | 1.2307817931043529e-05 | -1.2982666502963562e-10 | -1.3436405292878583e-09 | 0.0 | 0.0 |  -0.0003034917956779005 | -2.7449397046607768e-17 | 0.0 |  -8.261942306207721e-05 | 0.0 |     0.03485913652366874 |   1.120578502746142e-14 | 0.0 |  -0.0015296969582555902 | 0.0 |  1.3449598254449304e-05 |  7.506907172071987e-18 | 0.0 | 3.5695845956991194e-07 | 0.0 | 0.0 | 0.0 | 0.0 | 0.0 | 0.0 | 0.0 | 0.0 | 0.0 | 0.0 | 0.0 | 0.0 | 0.0 | 0.0 | 0.0 | 0.0 | 0.0 | 0.0 |
|     VER J2018+367.spectral.amplitude | -1.2979290203286305e-16 |   4.05804109563682e-30 | 0.0 | 0.0 | 1.1100066892564257e-17 |   -1.18857057058791e-22 |  -1.216992716889719e-21 | 0.0 | 0.0 | -1.9541269624980817e-16 |  -2.636375276569005e-29 | 0.0 |  -5.285860847657921e-17 | 0.0 |   1.120578502746142e-14 |  1.2262013727020069e-26 | 0.0 |  1.0741055179860849e-15 | 0.0 |   1.235508652708377e-17 |  6.880889157368023e-30 | 0.0 | 3.2500683456487767e-19 | 0.0 | 0.0 | 0.0 | 0.0 | 0.0 | 0.0 | 0.0 | 0.0 | 0.0 | 0.0 | 0.0 | 0.0 | 0.0 | 0.0 | 0.0 | 0.0 | 0.0 | 0.0 |
|     VER J2018+367.spectral.reference |                     0.0 |                    0.0 | 0.0 | 0.0 |                    0.0 |                     0.0 |                     0.0 | 0.0 | 0.0 |                     0.0 |                     0.0 | 0.0 |                     0.0 | 0.0 |                     0.0 |                     0.0 | 0.0 |                     0.0 | 0.0 |                     0.0 |                    0.0 | 0.0 |                    0.0 | 0.0 | 0.0 | 0.0 | 0.0 | 0.0 | 0.0 | 0.0 | 0.0 | 0.0 | 0.0 | 0.0 | 0.0 | 0.0 | 0.0 | 0.0 | 0.0 | 0.0 | 0.0 |
|       VER J2018+367.spectral.lambda_ | -7.4657563029272265e-06 | 2.3041404166378813e-19 | 0.0 | 0.0 |  6.451516383589001e-07 |  -7.005391108516939e-12 |  -7.022099912773538e-11 | 0.0 | 0.0 |  -2.708447346584248e-05 | -3.2268861828581354e-18 | 0.0 |  -9.139029339981589e-06 | 0.0 |  -0.0015296969582555902 |  1.0741055179860849e-15 | 0.0 |   0.0007806238413551862 | 0.0 |   7.388685514760199e-07 | 4.1018494382692107e-19 | 0.0 | 1.9207695122591936e-08 | 0.0 | 0.0 | 0.0 | 0.0 | 0.0 | 0.0 | 0.0 | 0.0 | 0.0 | 0.0 | 0.0 | 0.0 | 0.0 | 0.0 | 0.0 | 0.0 | 0.0 | 0.0 |
|         VER J2018+367.spectral.alpha |                     0.0 |                    0.0 | 0.0 | 0.0 |                    0.0 |                     0.0 |                     0.0 | 0.0 | 0.0 |                     0.0 |                     0.0 | 0.0 |                     0.0 | 0.0 |                     0.0 |                     0.0 | 0.0 |                     0.0 | 0.0 |                     0.0 |                    0.0 | 0.0 |                    0.0 | 0.0 | 0.0 | 0.0 | 0.0 | 0.0 | 0.0 | 0.0 | 0.0 | 0.0 | 0.0 | 0.0 | 0.0 | 0.0 | 0.0 | 0.0 | 0.0 | 0.0 | 0.0 |
|         VER J2016+371.spectral.index | -0.00016241840766596468 |  4.887004851523628e-18 | 0.0 | 0.0 | 1.4317626104000536e-05 | -1.5942275919826255e-10 |  -1.561453256800581e-09 | 0.0 | 0.0 |    1.46002845182078e-06 |  1.2896773878660083e-19 | 0.0 |  2.4829954813947247e-07 | 0.0 |  1.3449598254449304e-05 |   1.235508652708377e-17 | 0.0 |   7.388685514760199e-07 | 0.0 |    0.035752013996487954 | 6.8795614459834025e-15 | 0.0 |  -0.002093772847563335 | 0.0 | 0.0 | 0.0 | 0.0 | 0.0 | 0.0 | 0.0 | 0.0 | 0.0 | 0.0 | 0.0 | 0.0 | 0.0 | 0.0 | 0.0 | 0.0 | 0.0 | 0.0 |
|     VER J2016+371.spectral.amplitude |  -8.850080316251554e-17 | 2.6368590261732347e-30 | 0.0 | 0.0 |  7.859633756972901e-18 |  -8.884888220189983e-23 |  -8.645095763413286e-22 | 0.0 | 0.0 |   7.990257763465415e-19 |   7.054572265504263e-32 | 0.0 |   1.358445606314697e-19 | 0.0 |   7.506907172071987e-18 |   6.880889157368023e-30 | 0.0 |  4.1018494382692107e-19 | 0.0 |  6.8795614459834025e-15 |  4.905935084927394e-27 | 0.0 |  5.530749181852901e-16 | 0.0 | 0.0 | 0.0 | 0.0 | 0.0 | 0.0 | 0.0 | 0.0 | 0.0 | 0.0 | 0.0 | 0.0 | 0.0 | 0.0 | 0.0 | 0.0 | 0.0 | 0.0 |
|     VER J2016+371.spectral.reference |                     0.0 |                    0.0 | 0.0 | 0.0 |                    0.0 |                     0.0 |                     0.0 | 0.0 | 0.0 |                     0.0 |                     0.0 | 0.0 |                     0.0 | 0.0 |                     0.0 |                     0.0 | 0.0 |                     0.0 | 0.0 |                     0.0 |                    0.0 | 0.0 |                    0.0 | 0.0 | 0.0 | 0.0 | 0.0 | 0.0 | 0.0 | 0.0 | 0.0 | 0.0 | 0.0 | 0.0 | 0.0 | 0.0 | 0.0 | 0.0 | 0.0 | 0.0 | 0.0 |
|       VER J2016+371.spectral.lambda_ |  -3.906236158341563e-06 | 1.1343660339381795e-19 | 0.0 | 0.0 |  3.535108622438658e-07 |  -4.190151492687725e-12 |  -4.045581146105999e-11 | 0.0 | 0.0 |  3.5226243487542214e-08 |   3.105745915456934e-21 | 0.0 |  5.9795925843528245e-09 | 0.0 |  3.5695845956991194e-07 |  3.2500683456487767e-19 | 0.0 |  1.9207695122591936e-08 | 0.0 |   -0.002093772847563335 |  5.530749181852901e-16 | 0.0 |  0.0008715395797035783 | 0.0 | 0.0 | 0.0 | 0.0 | 0.0 | 0.0 | 0.0 | 0.0 | 0.0 | 0.0 | 0.0 | 0.0 | 0.0 | 0.0 | 0.0 | 0.0 | 0.0 | 0.0 |
|         VER J2016+371.spectral.alpha |                     0.0 |                    0.0 | 0.0 | 0.0 |                    0.0 |                     0.0 |                     0.0 | 0.0 | 0.0 |                     0.0 |                     0.0 | 0.0 |                     0.0 | 0.0 |                     0.0 |                     0.0 | 0.0 |                     0.0 | 0.0 |                     0.0 |                    0.0 | 0.0 |                    0.0 | 0.0 | 0.0 | 0.0 | 0.0 | 0.0 | 0.0 | 0.0 | 0.0 | 0.0 | 0.0 | 0.0 | 0.0 | 0.0 | 0.0 | 0.0 | 0.0 | 0.0 | 0.0 |
|          VER J2019+407.spectral.norm |                     0.0 |                    0.0 | 0.0 | 0.0 |                    0.0 |                     0.0 |                     0.0 | 0.0 | 0.0 |                     0.0 |                     0.0 | 0.0 |                     0.0 | 0.0 |                     0.0 |                     0.0 | 0.0 |                     0.0 | 0.0 |                     0.0 |                    0.0 | 0.0 |                    0.0 | 0.0 | 0.0 | 0.0 | 0.0 | 0.0 | 0.0 | 0.0 | 0.0 | 0.0 | 0.0 | 0.0 | 0.0 | 0.0 | 0.0 | 0.0 | 0.0 | 0.0 | 0.0 |
|         3HWC J2010+345.spectral.norm |                     0.0 |                    0.0 | 0.0 | 0.0 |                    0.0 |                     0.0 |                     0.0 | 0.0 | 0.0 |                     0.0 |                     0.0 | 0.0 |                     0.0 | 0.0 |                     0.0 |                     0.0 | 0.0 |                     0.0 | 0.0 |                     0.0 |                    0.0 | 0.0 |                    0.0 | 0.0 | 0.0 | 0.0 | 0.0 | 0.0 | 0.0 | 0.0 | 0.0 | 0.0 | 0.0 | 0.0 | 0.0 | 0.0 | 0.0 | 0.0 | 0.0 | 0.0 | 0.0 |
|         3HWC J2010+345.spatial.lon_0 |                     0.0 |                    0.0 | 0.0 | 0.0 |                    0.0 |                     0.0 |                     0.0 | 0.0 | 0.0 |                     0.0 |                     0.0 | 0.0 |                     0.0 | 0.0 |                     0.0 |                     0.0 | 0.0 |                     0.0 | 0.0 |                     0.0 |                    0.0 | 0.0 |                    0.0 | 0.0 | 0.0 | 0.0 | 0.0 | 0.0 | 0.0 | 0.0 | 0.0 | 0.0 | 0.0 | 0.0 | 0.0 | 0.0 | 0.0 | 0.0 | 0.0 | 0.0 | 0.0 |
|         3HWC J2010+345.spatial.lat_0 |                     0.0 |                    0.0 | 0.0 | 0.0 |                    0.0 |                     0.0 |                     0.0 | 0.0 | 0.0 |                     0.0 |                     0.0 | 0.0 |                     0.0 | 0.0 |                     0.0 |                     0.0 | 0.0 |                     0.0 | 0.0 |                     0.0 |                    0.0 | 0.0 |                    0.0 | 0.0 | 0.0 | 0.0 | 0.0 | 0.0 | 0.0 | 0.0 | 0.0 | 0.0 | 0.0 | 0.0 | 0.0 | 0.0 | 0.0 | 0.0 | 0.0 | 0.0 | 0.0 |
|         3HWC J2006+340.spectral.norm |                     0.0 |                    0.0 | 0.0 | 0.0 |                    0.0 |                     0.0 |                     0.0 | 0.0 | 0.0 |                     0.0 |                     0.0 | 0.0 |                     0.0 | 0.0 |                     0.0 |                     0.0 | 0.0 |                     0.0 | 0.0 |                     0.0 |                    0.0 | 0.0 |                    0.0 | 0.0 | 0.0 | 0.0 | 0.0 | 0.0 | 0.0 | 0.0 | 0.0 | 0.0 | 0.0 | 0.0 | 0.0 | 0.0 | 0.0 | 0.0 | 0.0 | 0.0 | 0.0 |
|         3HWC J2006+340.spatial.lon_0 |                     0.0 |                    0.0 | 0.0 | 0.0 |                    0.0 |                     0.0 |                     0.0 | 0.0 | 0.0 |                     0.0 |                     0.0 | 0.0 |                     0.0 | 0.0 |                     0.0 |                     0.0 | 0.0 |                     0.0 | 0.0 |                     0.0 |                    0.0 | 0.0 |                    0.0 | 0.0 | 0.0 | 0.0 | 0.0 | 0.0 | 0.0 | 0.0 | 0.0 | 0.0 | 0.0 | 0.0 | 0.0 | 0.0 | 0.0 | 0.0 | 0.0 | 0.0 | 0.0 |
|         3HWC J2006+340.spatial.lat_0 |                     0.0 |                    0.0 | 0.0 | 0.0 |                    0.0 |                     0.0 |                     0.0 | 0.0 | 0.0 |                     0.0 |                     0.0 | 0.0 |                     0.0 | 0.0 |                     0.0 |                     0.0 | 0.0 |                     0.0 | 0.0 |                     0.0 |                    0.0 | 0.0 |                    0.0 | 0.0 | 0.0 | 0.0 | 0.0 | 0.0 | 0.0 | 0.0 | 0.0 | 0.0 | 0.0 | 0.0 | 0.0 | 0.0 | 0.0 | 0.0 | 0.0 | 0.0 | 0.0 |
|         3HWC J2005+311.spectral.norm |                     0.0 |                    0.0 | 0.0 | 0.0 |                    0.0 |                     0.0 |                     0.0 | 0.0 | 0.0 |                     0.0 |                     0.0 | 0.0 |                     0.0 | 0.0 |                     0.0 |                     0.0 | 0.0 |                     0.0 | 0.0 |                     0.0 |                    0.0 | 0.0 |                    0.0 | 0.0 | 0.0 | 0.0 | 0.0 | 0.0 | 0.0 | 0.0 | 0.0 | 0.0 | 0.0 | 0.0 | 0.0 | 0.0 | 0.0 | 0.0 | 0.0 | 0.0 | 0.0 |
|         3HWC J2005+311.spatial.lon_0 |                     0.0 |                    0.0 | 0.0 | 0.0 |                    0.0 |                     0.0 |                     0.0 | 0.0 | 0.0 |                     0.0 |                     0.0 | 0.0 |                     0.0 | 0.0 |                     0.0 |                     0.0 | 0.0 |                     0.0 | 0.0 |                     0.0 |                    0.0 | 0.0 |                    0.0 | 0.0 | 0.0 | 0.0 | 0.0 | 0.0 | 0.0 | 0.0 | 0.0 | 0.0 | 0.0 | 0.0 | 0.0 | 0.0 | 0.0 | 0.0 | 0.0 | 0.0 | 0.0 |
|         3HWC J2005+311.spatial.lat_0 |                     0.0 |                    0.0 | 0.0 | 0.0 |                    0.0 |                     0.0 |                     0.0 | 0.0 | 0.0 |                     0.0 |                     0.0 | 0.0 |                     0.0 | 0.0 |                     0.0 |                     0.0 | 0.0 |                     0.0 | 0.0 |                     0.0 |                    0.0 | 0.0 |                    0.0 | 0.0 | 0.0 | 0.0 | 0.0 | 0.0 | 0.0 | 0.0 | 0.0 | 0.0 | 0.0 | 0.0 | 0.0 | 0.0 | 0.0 | 0.0 | 0.0 | 0.0 | 0.0 |
|         3HWC J2023+324.spectral.norm |                     0.0 |                    0.0 | 0.0 | 0.0 |                    0.0 |                     0.0 |                     0.0 | 0.0 | 0.0 |                     0.0 |                     0.0 | 0.0 |                     0.0 | 0.0 |                     0.0 |                     0.0 | 0.0 |                     0.0 | 0.0 |                     0.0 |                    0.0 | 0.0 |                    0.0 | 0.0 | 0.0 | 0.0 | 0.0 | 0.0 | 0.0 | 0.0 | 0.0 | 0.0 | 0.0 | 0.0 | 0.0 | 0.0 | 0.0 | 0.0 | 0.0 | 0.0 | 0.0 |
|         3HWC J2023+324.spatial.lon_0 |                     0.0 |                    0.0 | 0.0 | 0.0 |                    0.0 |                     0.0 |                     0.0 | 0.0 | 0.0 |                     0.0 |                     0.0 | 0.0 |                     0.0 | 0.0 |                     0.0 |                     0.0 | 0.0 |                     0.0 | 0.0 |                     0.0 |                    0.0 | 0.0 |                    0.0 | 0.0 | 0.0 | 0.0 | 0.0 | 0.0 | 0.0 | 0.0 | 0.0 | 0.0 | 0.0 | 0.0 | 0.0 | 0.0 | 0.0 | 0.0 | 0.0 | 0.0 | 0.0 |
|         3HWC J2023+324.spatial.lat_0 |                     0.0 |                    0.0 | 0.0 | 0.0 |                    0.0 |                     0.0 |                     0.0 | 0.0 | 0.0 |                     0.0 |                     0.0 | 0.0 |                     0.0 | 0.0 |                     0.0 |                     0.0 | 0.0 |                     0.0 | 0.0 |                     0.0 |                    0.0 | 0.0 |                    0.0 | 0.0 | 0.0 | 0.0 | 0.0 | 0.0 | 0.0 | 0.0 | 0.0 | 0.0 | 0.0 | 0.0 | 0.0 | 0.0 | 0.0 | 0.0 | 0.0 | 0.0 | 0.0 |
|           3HWC J2023+324.spatial.r_0 |                     0.0 |                    0.0 | 0.0 | 0.0 |                    0.0 |                     0.0 |                     0.0 | 0.0 | 0.0 |                     0.0 |                     0.0 | 0.0 |                     0.0 | 0.0 |                     0.0 |                     0.0 | 0.0 |                     0.0 | 0.0 |                     0.0 |                    0.0 | 0.0 |                    0.0 | 0.0 | 0.0 | 0.0 | 0.0 | 0.0 | 0.0 | 0.0 | 0.0 | 0.0 | 0.0 | 0.0 | 0.0 | 0.0 | 0.0 | 0.0 | 0.0 | 0.0 | 0.0 |
|             3HWC J2023+324.spatial.e |                     0.0 |                    0.0 | 0.0 | 0.0 |                    0.0 |                     0.0 |                     0.0 | 0.0 | 0.0 |                     0.0 |                     0.0 | 0.0 |                     0.0 | 0.0 |                     0.0 |                     0.0 | 0.0 |                     0.0 | 0.0 |                     0.0 |                    0.0 | 0.0 |                    0.0 | 0.0 | 0.0 | 0.0 | 0.0 | 0.0 | 0.0 | 0.0 | 0.0 | 0.0 | 0.0 | 0.0 | 0.0 | 0.0 | 0.0 | 0.0 | 0.0 | 0.0 | 0.0 |
|           3HWC J2023+324.spatial.phi |                     0.0 |                    0.0 | 0.0 | 0.0 |                    0.0 |                     0.0 |                     0.0 | 0.0 | 0.0 |                     0.0 |                     0.0 | 0.0 |                     0.0 | 0.0 |                     0.0 |                     0.0 | 0.0 |                     0.0 | 0.0 |                     0.0 |                    0.0 | 0.0 |                    0.0 | 0.0 | 0.0 | 0.0 | 0.0 | 0.0 | 0.0 | 0.0 | 0.0 | 0.0 | 0.0 | 0.0 | 0.0 | 0.0 | 0.0 | 0.0 | 0.0 | 0.0 | 0.0 |
|    3HWC J2023+324.spatial.edge_width |                     0.0 |                    0.0 | 0.0 | 0.0 |                    0.0 |                     0.0 |                     0.0 | 0.0 | 0.0 |                     0.0 |                     0.0 | 0.0 |                     0.0 | 0.0 |                     0.0 |                     0.0 | 0.0 |                     0.0 | 0.0 |                     0.0 |                    0.0 | 0.0 |                    0.0 | 0.0 | 0.0 | 0.0 | 0.0 | 0.0 | 0.0 | 0.0 | 0.0 | 0.0 | 0.0 | 0.0 | 0.0 | 0.0 | 0.0 | 0.0 | 0.0 | 0.0 | 0.0 |
