|                           Parameters |                      0 |                       1 |   2 |   3 |                       4 |   5 |                       6 |   7 |   8 |                       9 |                      10 |  11 |                      12 |  13 |                      14 |                      15 |  16 |                      17 |  18 |                      19 |                      20 |  21 |                      22 |  23 |  24 |  25 |  26 |  27 |  28 |  29 |  30 |  31 |  32 |  33 |  34 |  35 |  36 |  37 |  38 |  39 |
|     cygnus_background.spectral.index |       2.18420289661123 |  -8.833479975353955e-16 | 0.0 | 0.0 |    -0.09279983493107645 | 0.0 |  0.00028272407343754916 | 0.0 | 0.0 |   6.679062300560361e-07 |   2.545891949887576e-19 | 0.0 |  5.3285487443764164e-08 | 0.0 |   4.957856518037898e-06 |  6.4895110178560916e-18 | 0.0 |   2.089722865674313e-07 | 0.0 |    1.47251465445487e-05 |   9.868032943149138e-18 | 0.0 |   6.160945405343458e-07 | 0.0 | 0.0 | 0.0 | 0.0 | 0.0 | 0.0 | 0.0 | 0.0 | 0.0 | 0.0 | 0.0 | 0.0 | 0.0 | 0.0 | 0.0 | 0.0 | 0.0 |
| cygnus_background.spectral.amplitude | -8.833479975353955e-16 |  3.5852501216271986e-31 | 0.0 | 0.0 |  3.8050917020883627e-17 | 0.0 | -1.1617067504368287e-19 | 0.0 | 0.0 | -2.7597357927627792e-22 | -1.0518131833738363e-34 | 0.0 |   -2.19997536210213e-23 | 0.0 | -2.0491843667510453e-21 | -2.6819269685702473e-33 | 0.0 |  -8.633110688016249e-23 | 0.0 |  -6.088612840338121e-21 | -4.0800660358067113e-33 | 0.0 | -2.5475008151167653e-22 | 0.0 | 0.0 | 0.0 | 0.0 | 0.0 | 0.0 | 0.0 | 0.0 | 0.0 | 0.0 | 0.0 | 0.0 | 0.0 | 0.0 | 0.0 | 0.0 | 0.0 |
| cygnus_background.spectral.reference |                    0.0 |                     0.0 | 0.0 | 0.0 |                     0.0 | 0.0 |                     0.0 | 0.0 | 0.0 |                     0.0 |                     0.0 | 0.0 |                     0.0 | 0.0 |                     0.0 |                     0.0 | 0.0 |                     0.0 | 0.0 |                     0.0 |                     0.0 | 0.0 |                     0.0 | 0.0 | 0.0 | 0.0 | 0.0 | 0.0 | 0.0 | 0.0 | 0.0 | 0.0 | 0.0 | 0.0 | 0.0 | 0.0 | 0.0 | 0.0 | 0.0 | 0.0 |
|      cygnus_background.spatial.lon_0 |                    0.0 |                     0.0 | 0.0 | 0.0 |                     0.0 | 0.0 |                     0.0 | 0.0 | 0.0 |                     0.0 |                     0.0 | 0.0 |                     0.0 | 0.0 |                     0.0 |                     0.0 | 0.0 |                     0.0 | 0.0 |                     0.0 |                     0.0 | 0.0 |                     0.0 | 0.0 | 0.0 | 0.0 | 0.0 | 0.0 | 0.0 | 0.0 | 0.0 | 0.0 | 0.0 | 0.0 | 0.0 | 0.0 | 0.0 | 0.0 | 0.0 | 0.0 |
|      cygnus_background.spatial.lat_0 |   -0.09279983493107645 |  3.8050917020883627e-17 | 0.0 | 0.0 |     0.01781892556737605 | 0.0 |  -1.203865811546994e-05 | 0.0 | 0.0 |  -8.812749020281691e-09 |  -3.393467370192291e-21 | 0.0 |  -7.586897594005049e-10 | 0.0 |  -5.884424972187442e-08 |   -7.81762651573324e-20 | 0.0 | -2.6210135755761897e-09 | 0.0 | -1.4069289333075687e-07 |  -9.503767976551376e-20 | 0.0 |  -5.887915653414407e-09 | 0.0 | 0.0 | 0.0 | 0.0 | 0.0 | 0.0 | 0.0 | 0.0 | 0.0 | 0.0 | 0.0 | 0.0 | 0.0 | 0.0 | 0.0 | 0.0 | 0.0 |
|        cygnus_background.spatial.r_0 |                    0.0 |                     0.0 | 0.0 | 0.0 |                     0.0 | 0.0 |                     0.0 | 0.0 | 0.0 |                     0.0 |                     0.0 | 0.0 |                     0.0 | 0.0 |                     0.0 |                     0.0 | 0.0 |                     0.0 | 0.0 |                     0.0 |                     0.0 | 0.0 |                     0.0 | 0.0 | 0.0 | 0.0 | 0.0 | 0.0 | 0.0 | 0.0 | 0.0 | 0.0 | 0.0 | 0.0 | 0.0 | 0.0 | 0.0 | 0.0 | 0.0 | 0.0 |
|        cygnus_background.spatial.eta | 0.00028272407343754916 | -1.1617067504368287e-19 | 0.0 | 0.0 |  -1.203865811546994e-05 | 0.0 |   9.713536322767284e-08 | 0.0 | 0.0 |  1.3796415109213485e-10 |   5.258836659027134e-23 | 0.0 |  1.0833879655177282e-11 | 0.0 |  1.0072378193617623e-09 |  1.3158099048872227e-21 | 0.0 |   4.211764644647896e-11 | 0.0 |  2.8219135167344003e-09 |  1.8900675229944386e-21 | 0.0 |  1.1814275058193344e-10 | 0.0 | 0.0 | 0.0 | 0.0 | 0.0 | 0.0 | 0.0 | 0.0 | 0.0 | 0.0 | 0.0 | 0.0 | 0.0 | 0.0 | 0.0 | 0.0 | 0.0 |
|          cygnus_background.spatial.e |                    0.0 |                     0.0 | 0.0 | 0.0 |                     0.0 | 0.0 |                     0.0 | 0.0 | 0.0 |                     0.0 |                     0.0 | 0.0 |                     0.0 | 0.0 |                     0.0 |                     0.0 | 0.0 |                     0.0 | 0.0 |                     0.0 |                     0.0 | 0.0 |                     0.0 | 0.0 | 0.0 | 0.0 | 0.0 | 0.0 | 0.0 | 0.0 | 0.0 | 0.0 | 0.0 | 0.0 | 0.0 | 0.0 | 0.0 | 0.0 | 0.0 | 0.0 |
|        cygnus_background.spatial.phi |                    0.0 |                     0.0 | 0.0 | 0.0 |                     0.0 | 0.0 |                     0.0 | 0.0 | 0.0 |                     0.0 |                     0.0 | 0.0 |                     0.0 | 0.0 |                     0.0 |                     0.0 | 0.0 |                     0.0 | 0.0 |                     0.0 |                     0.0 | 0.0 |                     0.0 | 0.0 | 0.0 | 0.0 | 0.0 | 0.0 | 0.0 | 0.0 | 0.0 | 0.0 | 0.0 | 0.0 | 0.0 | 0.0 | 0.0 | 0.0 | 0.0 | 0.0 |
|         VER J2020+368.spectral.index |  6.679062300560361e-07 | -2.7597357927627792e-22 | 0.0 | 0.0 |  -8.812749020281691e-09 | 0.0 |  1.3796415109213485e-10 | 0.0 | 0.0 |    0.010756062053389796 |     9.1736930731351e-16 | 0.0 |  -0.0003908462640843319 | 0.0 |   -4.73944088343855e-05 |  3.9766555742342625e-18 | 0.0 |  -4.750792599061494e-06 | 0.0 |   8.203847425923492e-11 |  -2.072586857618545e-23 | 0.0 |  -5.355205402847106e-11 | 0.0 | 0.0 | 0.0 | 0.0 | 0.0 | 0.0 | 0.0 | 0.0 | 0.0 | 0.0 | 0.0 | 0.0 | 0.0 | 0.0 | 0.0 | 0.0 | 0.0 |
|     VER J2020+368.spectral.amplitude |  2.545891949887576e-19 | -1.0518131833738363e-34 | 0.0 | 0.0 |  -3.393467370192291e-21 | 0.0 |   5.258836659027134e-23 | 0.0 | 0.0 |     9.1736930731351e-16 |   4.264824426827132e-28 | 0.0 |  1.1448586684807166e-16 | 0.0 |   2.467952192867701e-18 | -1.1427340797345075e-29 | 0.0 | -2.8576005655228537e-19 | 0.0 |   6.246128800813555e-23 |  2.3677703065252073e-35 | 0.0 | -1.0875064355705402e-23 | 0.0 | 0.0 | 0.0 | 0.0 | 0.0 | 0.0 | 0.0 | 0.0 | 0.0 | 0.0 | 0.0 | 0.0 | 0.0 | 0.0 | 0.0 | 0.0 | 0.0 |
|     VER J2020+368.spectral.reference |                    0.0 |                     0.0 | 0.0 | 0.0 |                     0.0 | 0.0 |                     0.0 | 0.0 | 0.0 |                     0.0 |                     0.0 | 0.0 |                     0.0 | 0.0 |                     0.0 |                     0.0 | 0.0 |                     0.0 | 0.0 |                     0.0 |                     0.0 | 0.0 |                     0.0 | 0.0 | 0.0 | 0.0 | 0.0 | 0.0 | 0.0 | 0.0 | 0.0 | 0.0 | 0.0 | 0.0 | 0.0 | 0.0 | 0.0 | 0.0 | 0.0 | 0.0 |
|       VER J2020+368.spectral.lambda_ | 5.3285487443764164e-08 |   -2.19997536210213e-23 | 0.0 | 0.0 |  -7.586897594005049e-10 | 0.0 |  1.0833879655177282e-11 | 0.0 | 0.0 |  -0.0003908462640843319 |  1.1448586684807166e-16 | 0.0 |   0.0003163052962497255 | 0.0 |  -6.939136586811777e-06 | -1.3707254055233227e-18 | 0.0 |  -1.312586693728902e-06 | 0.0 |   9.213251861357409e-12 |   7.391777999330877e-25 | 0.0 |  -6.272710627075943e-12 | 0.0 | 0.0 | 0.0 | 0.0 | 0.0 | 0.0 | 0.0 | 0.0 | 0.0 | 0.0 | 0.0 | 0.0 | 0.0 | 0.0 | 0.0 | 0.0 | 0.0 |
|         VER J2020+368.spectral.alpha |                    0.0 |                     0.0 | 0.0 | 0.0 |                     0.0 | 0.0 |                     0.0 | 0.0 | 0.0 |                     0.0 |                     0.0 | 0.0 |                     0.0 | 0.0 |                     0.0 |                     0.0 | 0.0 |                     0.0 | 0.0 |                     0.0 |                     0.0 | 0.0 |                     0.0 | 0.0 | 0.0 | 0.0 | 0.0 | 0.0 | 0.0 | 0.0 | 0.0 | 0.0 | 0.0 | 0.0 | 0.0 | 0.0 | 0.0 | 0.0 | 0.0 | 0.0 |
|         VER J2018+367.spectral.index |  4.957856518037898e-06 | -2.0491843667510453e-21 | 0.0 | 0.0 |  -5.884424972187442e-08 | 0.0 |  1.0072378193617623e-09 | 0.0 | 0.0 |   -4.73944088343855e-05 |   2.467952192867701e-18 | 0.0 |  -6.939136586811777e-06 | 0.0 |    0.009497403938331034 |  2.5789155288957763e-15 | 0.0 |  -0.0002999370983745679 | 0.0 | -1.9831793696843327e-08 | -1.0924837184129516e-20 | 0.0 |  -5.196376351648443e-10 | 0.0 | 0.0 | 0.0 | 0.0 | 0.0 | 0.0 | 0.0 | 0.0 | 0.0 | 0.0 | 0.0 | 0.0 | 0.0 | 0.0 | 0.0 | 0.0 | 0.0 |
|     VER J2018+367.spectral.amplitude | 6.4895110178560916e-18 | -2.6819269685702473e-33 | 0.0 | 0.0 |   -7.81762651573324e-20 | 0.0 |  1.3158099048872227e-21 | 0.0 | 0.0 |  3.9766555742342625e-18 | -1.1427340797345075e-29 | 0.0 | -1.3707254055233227e-18 | 0.0 |  2.5789155288957763e-15 |   4.188102779053842e-27 | 0.0 |  2.2031498503134836e-16 | 0.0 |  -2.093741511583791e-20 | -1.1365978186219644e-32 | 0.0 |  -5.346274428290764e-22 | 0.0 | 0.0 | 0.0 | 0.0 | 0.0 | 0.0 | 0.0 | 0.0 | 0.0 | 0.0 | 0.0 | 0.0 | 0.0 | 0.0 | 0.0 | 0.0 | 0.0 |
|     VER J2018+367.spectral.reference |                    0.0 |                     0.0 | 0.0 | 0.0 |                     0.0 | 0.0 |                     0.0 | 0.0 | 0.0 |                     0.0 |                     0.0 | 0.0 |                     0.0 | 0.0 |                     0.0 |                     0.0 | 0.0 |                     0.0 | 0.0 |                     0.0 |                     0.0 | 0.0 |                     0.0 | 0.0 | 0.0 | 0.0 | 0.0 | 0.0 | 0.0 | 0.0 | 0.0 | 0.0 | 0.0 | 0.0 | 0.0 | 0.0 | 0.0 | 0.0 | 0.0 | 0.0 |
|       VER J2018+367.spectral.lambda_ |  2.089722865674313e-07 |  -8.633110688016249e-23 | 0.0 | 0.0 | -2.6210135755761897e-09 | 0.0 |   4.211764644647896e-11 | 0.0 | 0.0 |  -4.750792599061494e-06 | -2.8576005655228537e-19 | 0.0 |  -1.312586693728902e-06 | 0.0 |  -0.0002999370983745679 |  2.2031498503134836e-16 | 0.0 |  0.00020460918452727006 | 0.0 |  -4.598512691686291e-10 | -2.4554790763431045e-22 | 0.0 |  -4.756986283040189e-12 | 0.0 | 0.0 | 0.0 | 0.0 | 0.0 | 0.0 | 0.0 | 0.0 | 0.0 | 0.0 | 0.0 | 0.0 | 0.0 | 0.0 | 0.0 | 0.0 | 0.0 |
|         VER J2018+367.spectral.alpha |                    0.0 |                     0.0 | 0.0 | 0.0 |                     0.0 | 0.0 |                     0.0 | 0.0 | 0.0 |                     0.0 |                     0.0 | 0.0 |                     0.0 | 0.0 |                     0.0 |                     0.0 | 0.0 |                     0.0 | 0.0 |                     0.0 |                     0.0 | 0.0 |                     0.0 | 0.0 | 0.0 | 0.0 | 0.0 | 0.0 | 0.0 | 0.0 | 0.0 | 0.0 | 0.0 | 0.0 | 0.0 | 0.0 | 0.0 | 0.0 | 0.0 | 0.0 |
|         VER J2016+371.spectral.index |   1.47251465445487e-05 |  -6.088612840338121e-21 | 0.0 | 0.0 | -1.4069289333075687e-07 | 0.0 |  2.8219135167344003e-09 | 0.0 | 0.0 |   8.203847425923492e-11 |   6.246128800813555e-23 | 0.0 |   9.213251861357409e-12 | 0.0 | -1.9831793696843327e-08 |  -2.093741511583791e-20 | 0.0 |  -4.598512691686291e-10 | 0.0 |    0.010425635811327185 |  1.5836803592444916e-15 | 0.0 |  -0.0004235636800645077 | 0.0 | 0.0 | 0.0 | 0.0 | 0.0 | 0.0 | 0.0 | 0.0 | 0.0 | 0.0 | 0.0 | 0.0 | 0.0 | 0.0 | 0.0 | 0.0 | 0.0 |
|     VER J2016+371.spectral.amplitude |  9.868032943149138e-18 | -4.0800660358067113e-33 | 0.0 | 0.0 |  -9.503767976551376e-20 | 0.0 |  1.8900675229944386e-21 | 0.0 | 0.0 |  -2.072586857618545e-23 |  2.3677703065252073e-35 | 0.0 |   7.391777999330877e-25 | 0.0 | -1.0924837184129516e-20 | -1.1365978186219644e-32 | 0.0 | -2.4554790763431045e-22 | 0.0 |  1.5836803592444916e-15 |  1.3417978451207969e-27 | 0.0 |  1.6134326701268246e-16 | 0.0 | 0.0 | 0.0 | 0.0 | 0.0 | 0.0 | 0.0 | 0.0 | 0.0 | 0.0 | 0.0 | 0.0 | 0.0 | 0.0 | 0.0 | 0.0 | 0.0 |
|     VER J2016+371.spectral.reference |                    0.0 |                     0.0 | 0.0 | 0.0 |                     0.0 | 0.0 |                     0.0 | 0.0 | 0.0 |                     0.0 |                     0.0 | 0.0 |                     0.0 | 0.0 |                     0.0 |                     0.0 | 0.0 |                     0.0 | 0.0 |                     0.0 |                     0.0 | 0.0 |                     0.0 | 0.0 | 0.0 | 0.0 | 0.0 | 0.0 | 0.0 | 0.0 | 0.0 | 0.0 | 0.0 | 0.0 | 0.0 | 0.0 | 0.0 | 0.0 | 0.0 | 0.0 |
|       VER J2016+371.spectral.lambda_ |  6.160945405343458e-07 | -2.5475008151167653e-22 | 0.0 | 0.0 |  -5.887915653414407e-09 | 0.0 |  1.1814275058193344e-10 | 0.0 | 0.0 |  -5.355205402847106e-11 | -1.0875064355705402e-23 | 0.0 |  -6.272710627075943e-12 | 0.0 |  -5.196376351648443e-10 |  -5.346274428290764e-22 | 0.0 |  -4.756986283040189e-12 | 0.0 |  -0.0004235636800645077 |  1.6134326701268246e-16 | 0.0 |   0.0003138954794683219 | 0.0 | 0.0 | 0.0 | 0.0 | 0.0 | 0.0 | 0.0 | 0.0 | 0.0 | 0.0 | 0.0 | 0.0 | 0.0 | 0.0 | 0.0 | 0.0 | 0.0 |
|         VER J2016+371.spectral.alpha |                    0.0 |                     0.0 | 0.0 | 0.0 |                     0.0 | 0.0 |                     0.0 | 0.0 | 0.0 |                     0.0 |                     0.0 | 0.0 |                     0.0 | 0.0 |                     0.0 |                     0.0 | 0.0 |                     0.0 | 0.0 |                     0.0 |                     0.0 | 0.0 |                     0.0 | 0.0 | 0.0 | 0.0 | 0.0 | 0.0 | 0.0 | 0.0 | 0.0 | 0.0 | 0.0 | 0.0 | 0.0 | 0.0 | 0.0 | 0.0 | 0.0 | 0.0 |
|         3HWC J2010+345.spectral.norm |                    0.0 |                     0.0 | 0.0 | 0.0 |                     0.0 | 0.0 |                     0.0 | 0.0 | 0.0 |                     0.0 |                     0.0 | 0.0 |                     0.0 | 0.0 |                     0.0 |                     0.0 | 0.0 |                     0.0 | 0.0 |                     0.0 |                     0.0 | 0.0 |                     0.0 | 0.0 | 0.0 | 0.0 | 0.0 | 0.0 | 0.0 | 0.0 | 0.0 | 0.0 | 0.0 | 0.0 | 0.0 | 0.0 | 0.0 | 0.0 | 0.0 | 0.0 |
|         3HWC J2010+345.spatial.lon_0 |                    0.0 |                     0.0 | 0.0 | 0.0 |                     0.0 | 0.0 |                     0.0 | 0.0 | 0.0 |                     0.0 |                     0.0 | 0.0 |                     0.0 | 0.0 |                     0.0 |                     0.0 | 0.0 |                     0.0 | 0.0 |                     0.0 |                     0.0 | 0.0 |                     0.0 | 0.0 | 0.0 | 0.0 | 0.0 | 0.0 | 0.0 | 0.0 | 0.0 | 0.0 | 0.0 | 0.0 | 0.0 | 0.0 | 0.0 | 0.0 | 0.0 | 0.0 |
|         3HWC J2010+345.spatial.lat_0 |                    0.0 |                     0.0 | 0.0 | 0.0 |                     0.0 | 0.0 |                     0.0 | 0.0 | 0.0 |                     0.0 |                     0.0 | 0.0 |                     0.0 | 0.0 |                     0.0 |                     0.0 | 0.0 |                     0.0 | 0.0 |                     0.0 |                     0.0 | 0.0 |                     0.0 | 0.0 | 0.0 | 0.0 | 0.0 | 0.0 | 0.0 | 0.0 | 0.0 | 0.0 | 0.0 | 0.0 | 0.0 | 0.0 | 0.0 | 0.0 | 0.0 | 0.0 |
|         3HWC J2006+340.spectral.norm |                    0.0 |                     0.0 | 0.0 | 0.0 |                     0.0 | 0.0 |                     0.0 | 0.0 | 0.0 |                     0.0 |                     0.0 | 0.0 |                     0.0 | 0.0 |                     0.0 |                     0.0 | 0.0 |                     0.0 | 0.0 |                     0.0 |                     0.0 | 0.0 |                     0.0 | 0.0 | 0.0 | 0.0 | 0.0 | 0.0 | 0.0 | 0.0 | 0.0 | 0.0 | 0.0 | 0.0 | 0.0 | 0.0 | 0.0 | 0.0 | 0.0 | 0.0 |
|         3HWC J2006+340.spatial.lon_0 |                    0.0 |                     0.0 | 0.0 | 0.0 |                     0.0 | 0.0 |                     0.0 | 0.0 | 0.0 |                     0.0 |                     0.0 | 0.0 |                     0.0 | 0.0 |                     0.0 |                     0.0 | 0.0 |                     0.0 | 0.0 |                     0.0 |                     0.0 | 0.0 |                     0.0 | 0.0 | 0.0 | 0.0 | 0.0 | 0.0 | 0.0 | 0.0 | 0.0 | 0.0 | 0.0 | 0.0 | 0.0 | 0.0 | 0.0 | 0.0 | 0.0 | 0.0 |
|         3HWC J2006+340.spatial.lat_0 |                    0.0 |                     0.0 | 0.0 | 0.0 |                     0.0 | 0.0 |                     0.0 | 0.0 | 0.0 |                     0.0 |                     0.0 | 0.0 |                     0.0 | 0.0 |                     0.0 |                     0.0 | 0.0 |                     0.0 | 0.0 |                     0.0 |                     0.0 | 0.0 |                     0.0 | 0.0 | 0.0 | 0.0 | 0.0 | 0.0 | 0.0 | 0.0 | 0.0 | 0.0 | 0.0 | 0.0 | 0.0 | 0.0 | 0.0 | 0.0 | 0.0 | 0.0 |
|         3HWC J2005+311.spectral.norm |                    0.0 |                     0.0 | 0.0 | 0.0 |                     0.0 | 0.0 |                     0.0 | 0.0 | 0.0 |                     0.0 |                     0.0 | 0.0 |                     0.0 | 0.0 |                     0.0 |                     0.0 | 0.0 |                     0.0 | 0.0 |                     0.0 |                     0.0 | 0.0 |                     0.0 | 0.0 | 0.0 | 0.0 | 0.0 | 0.0 | 0.0 | 0.0 | 0.0 | 0.0 | 0.0 | 0.0 | 0.0 | 0.0 | 0.0 | 0.0 | 0.0 | 0.0 |
|         3HWC J2005+311.spatial.lon_0 |                    0.0 |                     0.0 | 0.0 | 0.0 |                     0.0 | 0.0 |                     0.0 | 0.0 | 0.0 |                     0.0 |                     0.0 | 0.0 |                     0.0 | 0.0 |                     0.0 |                     0.0 | 0.0 |                     0.0 | 0.0 |                     0.0 |                     0.0 | 0.0 |                     0.0 | 0.0 | 0.0 | 0.0 | 0.0 | 0.0 | 0.0 | 0.0 | 0.0 | 0.0 | 0.0 | 0.0 | 0.0 | 0.0 | 0.0 | 0.0 | 0.0 | 0.0 |
|         3HWC J2005+311.spatial.lat_0 |                    0.0 |                     0.0 | 0.0 | 0.0 |                     0.0 | 0.0 |                     0.0 | 0.0 | 0.0 |                     0.0 |                     0.0 | 0.0 |                     0.0 | 0.0 |                     0.0 |                     0.0 | 0.0 |                     0.0 | 0.0 |                     0.0 |                     0.0 | 0.0 |                     0.0 | 0.0 | 0.0 | 0.0 | 0.0 | 0.0 | 0.0 | 0.0 | 0.0 | 0.0 | 0.0 | 0.0 | 0.0 | 0.0 | 0.0 | 0.0 | 0.0 | 0.0 |
|         3HWC J2023+324.spectral.norm |                    0.0 |                     0.0 | 0.0 | 0.0 |                     0.0 | 0.0 |                     0.0 | 0.0 | 0.0 |                     0.0 |                     0.0 | 0.0 |                     0.0 | 0.0 |                     0.0 |                     0.0 | 0.0 |                     0.0 | 0.0 |                     0.0 |                     0.0 | 0.0 |                     0.0 | 0.0 | 0.0 | 0.0 | 0.0 | 0.0 | 0.0 | 0.0 | 0.0 | 0.0 | 0.0 | 0.0 | 0.0 | 0.0 | 0.0 | 0.0 | 0.0 | 0.0 |
|         3HWC J2023+324.spatial.lon_0 |                    0.0 |                     0.0 | 0.0 | 0.0 |                     0.0 | 0.0 |                     0.0 | 0.0 | 0.0 |                     0.0 |                     0.0 | 0.0 |                     0.0 | 0.0 |                     0.0 |                     0.0 | 0.0 |                     0.0 | 0.0 |                     0.0 |                     0.0 | 0.0 |                     0.0 | 0.0 | 0.0 | 0.0 | 0.0 | 0.0 | 0.0 | 0.0 | 0.0 | 0.0 | 0.0 | 0.0 | 0.0 | 0.0 | 0.0 | 0.0 | 0.0 | 0.0 |
|         3HWC J2023+324.spatial.lat_0 |                    0.0 |                     0.0 | 0.0 | 0.0 |                     0.0 | 0.0 |                     0.0 | 0.0 | 0.0 |                     0.0 |                     0.0 | 0.0 |                     0.0 | 0.0 |                     0.0 |                     0.0 | 0.0 |                     0.0 | 0.0 |                     0.0 |                     0.0 | 0.0 |                     0.0 | 0.0 | 0.0 | 0.0 | 0.0 | 0.0 | 0.0 | 0.0 | 0.0 | 0.0 | 0.0 | 0.0 | 0.0 | 0.0 | 0.0 | 0.0 | 0.0 | 0.0 |
|           3HWC J2023+324.spatial.r_0 |                    0.0 |                     0.0 | 0.0 | 0.0 |                     0.0 | 0.0 |                     0.0 | 0.0 | 0.0 |                     0.0 |                     0.0 | 0.0 |                     0.0 | 0.0 |                     0.0 |                     0.0 | 0.0 |                     0.0 | 0.0 |                     0.0 |                     0.0 | 0.0 |                     0.0 | 0.0 | 0.0 | 0.0 | 0.0 | 0.0 | 0.0 | 0.0 | 0.0 | 0.0 | 0.0 | 0.0 | 0.0 | 0.0 | 0.0 | 0.0 | 0.0 | 0.0 |
|             3HWC J2023+324.spatial.e |                    0.0 |                     0.0 | 0.0 | 0.0 |                     0.0 | 0.0 |                     0.0 | 0.0 | 0.0 |                     0.0 |                     0.0 | 0.0 |                     0.0 | 0.0 |                     0.0 |                     0.0 | 0.0 |                     0.0 | 0.0 |                     0.0 |                     0.0 | 0.0 |                     0.0 | 0.0 | 0.0 | 0.0 | 0.0 | 0.0 | 0.0 | 0.0 | 0.0 | 0.0 | 0.0 | 0.0 | 0.0 | 0.0 | 0.0 | 0.0 | 0.0 | 0.0 |
|           3HWC J2023+324.spatial.phi |                    0.0 |                     0.0 | 0.0 | 0.0 |                     0.0 | 0.0 |                     0.0 | 0.0 | 0.0 |                     0.0 |                     0.0 | 0.0 |                     0.0 | 0.0 |                     0.0 |                     0.0 | 0.0 |                     0.0 | 0.0 |                     0.0 |                     0.0 | 0.0 |                     0.0 | 0.0 | 0.0 | 0.0 | 0.0 | 0.0 | 0.0 | 0.0 | 0.0 | 0.0 | 0.0 | 0.0 | 0.0 | 0.0 | 0.0 | 0.0 | 0.0 | 0.0 |
|    3HWC J2023+324.spatial.edge_width |                    0.0 |                     0.0 | 0.0 | 0.0 |                     0.0 | 0.0 |                     0.0 | 0.0 | 0.0 |                     0.0 |                     0.0 | 0.0 |                     0.0 | 0.0 |                     0.0 |                     0.0 | 0.0 |                     0.0 | 0.0 |                     0.0 |                     0.0 | 0.0 |                     0.0 | 0.0 | 0.0 | 0.0 | 0.0 | 0.0 | 0.0 | 0.0 | 0.0 | 0.0 | 0.0 | 0.0 | 0.0 | 0.0 | 0.0 | 0.0 | 0.0 | 0.0 |
