|                        Parameters |                       0 |   1 |   2 |                      3 |                       4 |   5 |                      6 |   7 |                      8 |                       9 |  10 |                      11 |  12 |                     13 |                     14 |  15 |                      16 |  17 |  18 |  19 |  20 |  21 |  22 |  23 |  24 |  25 |  26 |  27 |  28 |  29 |  30 |  31 |  32 |  33 |
|             diffuse.spectral.norm |    0.052222617852385064 | 0.0 | 0.0 |  -0.000596175100542122 |  -3.731959381854639e-16 | 0.0 | -5.643184719397377e-05 | 0.0 | -0.0006909246107687229 | -1.0650461776279443e-15 | 0.0 |  -6.269049059103081e-05 | 0.0 | -0.0004386649484202595 | -3.422513659811816e-16 | 0.0 | -2.7595274740917034e-05 | 0.0 | 0.0 | 0.0 | 0.0 | 0.0 | 0.0 | 0.0 | 0.0 | 0.0 | 0.0 | 0.0 | 0.0 | 0.0 | 0.0 | 0.0 | 0.0 | 0.0 |
|             diffuse.spectral.tilt |                     0.0 | 0.0 | 0.0 |                    0.0 |                     0.0 | 0.0 |                    0.0 | 0.0 |                    0.0 |                     0.0 | 0.0 |                     0.0 | 0.0 |                    0.0 |                    0.0 | 0.0 |                     0.0 | 0.0 | 0.0 | 0.0 | 0.0 | 0.0 | 0.0 | 0.0 | 0.0 | 0.0 | 0.0 | 0.0 | 0.0 | 0.0 | 0.0 | 0.0 | 0.0 | 0.0 |
|        diffuse.spectral.reference |                     0.0 | 0.0 | 0.0 |                    0.0 |                     0.0 | 0.0 |                    0.0 | 0.0 |                    0.0 |                     0.0 | 0.0 |                     0.0 | 0.0 |                    0.0 |                    0.0 | 0.0 |                     0.0 | 0.0 | 0.0 | 0.0 | 0.0 | 0.0 | 0.0 | 0.0 | 0.0 | 0.0 | 0.0 | 0.0 | 0.0 | 0.0 | 0.0 | 0.0 | 0.0 | 0.0 |
|      VER J2020+368.spectral.index |   -0.000596175100542122 | 0.0 | 0.0 |   0.041528865781049945 |   9.391063633149124e-15 | 0.0 | -6.918226589266257e-05 | 0.0 | -0.0006136778766145305 |  -4.998877690932503e-16 | 0.0 |  -7.043134220517985e-05 | 0.0 |  5.015750492923508e-06 | 3.9100113435917146e-18 | 0.0 |  3.1456929787623386e-07 | 0.0 | 0.0 | 0.0 | 0.0 | 0.0 | 0.0 | 0.0 | 0.0 | 0.0 | 0.0 | 0.0 | 0.0 | 0.0 | 0.0 | 0.0 | 0.0 | 0.0 |
|  VER J2020+368.spectral.amplitude |  -3.731959381854639e-16 | 0.0 | 0.0 |  9.391063633149124e-15 |   3.809139088371713e-27 | 0.0 |  7.419573793926775e-16 | 0.0 |  -1.87023524061554e-16 | -2.1631825615336155e-28 | 0.0 | -2.4016916677746826e-17 | 0.0 | 3.1379044181424393e-18 | 2.4469408232808675e-30 | 0.0 |  1.9704069369987653e-19 | 0.0 | 0.0 | 0.0 | 0.0 | 0.0 | 0.0 | 0.0 | 0.0 | 0.0 | 0.0 | 0.0 | 0.0 | 0.0 | 0.0 | 0.0 | 0.0 | 0.0 |
|  VER J2020+368.spectral.reference |                     0.0 | 0.0 | 0.0 |                    0.0 |                     0.0 | 0.0 |                    0.0 | 0.0 |                    0.0 |                     0.0 | 0.0 |                     0.0 | 0.0 |                    0.0 |                    0.0 | 0.0 |                     0.0 | 0.0 | 0.0 | 0.0 | 0.0 | 0.0 | 0.0 | 0.0 | 0.0 | 0.0 | 0.0 | 0.0 | 0.0 | 0.0 | 0.0 | 0.0 | 0.0 | 0.0 |
|    VER J2020+368.spectral.lambda_ |  -5.643184719397377e-05 | 0.0 | 0.0 | -6.918226589266257e-05 |   7.419573793926775e-16 | 0.0 |  0.0007076675092326819 | 0.0 | -5.731560983373748e-05 |   -5.30531473012552e-17 | 0.0 |  -9.089785771353289e-06 | 0.0 | 4.7446856214976915e-07 | 3.6997559448796563e-19 | 0.0 |   2.977396778561038e-08 | 0.0 | 0.0 | 0.0 | 0.0 | 0.0 | 0.0 | 0.0 | 0.0 | 0.0 | 0.0 | 0.0 | 0.0 | 0.0 | 0.0 | 0.0 | 0.0 | 0.0 |
|      VER J2020+368.spectral.alpha |                     0.0 | 0.0 | 0.0 |                    0.0 |                     0.0 | 0.0 |                    0.0 | 0.0 |                    0.0 |                     0.0 | 0.0 |                     0.0 | 0.0 |                    0.0 |                    0.0 | 0.0 |                     0.0 | 0.0 | 0.0 | 0.0 | 0.0 | 0.0 | 0.0 | 0.0 | 0.0 | 0.0 | 0.0 | 0.0 | 0.0 | 0.0 | 0.0 | 0.0 | 0.0 | 0.0 |
|      VER J2018+367.spectral.index |  -0.0006909246107687229 | 0.0 | 0.0 | -0.0006136778766145305 |   -1.87023524061554e-16 | 0.0 | -5.731560983373748e-05 | 0.0 |    0.03147644980015792 |   1.437700937405452e-14 | 0.0 |  -0.0005506260836504395 | 0.0 |  5.415315706410238e-06 |  4.348107268130819e-18 | 0.0 |  3.5132112349375684e-07 | 0.0 | 0.0 | 0.0 | 0.0 | 0.0 | 0.0 | 0.0 | 0.0 | 0.0 | 0.0 | 0.0 | 0.0 | 0.0 | 0.0 | 0.0 | 0.0 | 0.0 |
|  VER J2018+367.spectral.amplitude | -1.0650461776279443e-15 | 0.0 | 0.0 | -4.998877690932503e-16 | -2.1631825615336155e-28 | 0.0 |  -5.30531473012552e-17 | 0.0 |  1.437700937405452e-14 |  1.3971163786231623e-26 | 0.0 |  1.1981642320794485e-15 | 0.0 |  8.631303683336128e-18 |  6.834105388973207e-30 | 0.0 |    5.51647727582567e-19 | 0.0 | 0.0 | 0.0 | 0.0 | 0.0 | 0.0 | 0.0 | 0.0 | 0.0 | 0.0 | 0.0 | 0.0 | 0.0 | 0.0 | 0.0 | 0.0 | 0.0 |
|  VER J2018+367.spectral.reference |                     0.0 | 0.0 | 0.0 |                    0.0 |                     0.0 | 0.0 |                    0.0 | 0.0 |                    0.0 |                     0.0 | 0.0 |                     0.0 | 0.0 |                    0.0 |                    0.0 | 0.0 |                     0.0 | 0.0 | 0.0 | 0.0 | 0.0 | 0.0 | 0.0 | 0.0 | 0.0 | 0.0 | 0.0 | 0.0 | 0.0 | 0.0 | 0.0 | 0.0 | 0.0 | 0.0 |
|    VER J2018+367.spectral.lambda_ |  -6.269049059103081e-05 | 0.0 | 0.0 | -7.043134220517985e-05 | -2.4016916677746826e-17 | 0.0 | -9.089785771353289e-06 | 0.0 | -0.0005506260836504395 |  1.1981642320794485e-15 | 0.0 |   0.0006776368300524003 | 0.0 |  5.085996473183103e-07 |  4.024859465877415e-19 | 0.0 |   3.248214727577721e-08 | 0.0 | 0.0 | 0.0 | 0.0 | 0.0 | 0.0 | 0.0 | 0.0 | 0.0 | 0.0 | 0.0 | 0.0 | 0.0 | 0.0 | 0.0 | 0.0 | 0.0 |
|      VER J2018+367.spectral.alpha |                     0.0 | 0.0 | 0.0 |                    0.0 |                     0.0 | 0.0 |                    0.0 | 0.0 |                    0.0 |                     0.0 | 0.0 |                     0.0 | 0.0 |                    0.0 |                    0.0 | 0.0 |                     0.0 | 0.0 | 0.0 | 0.0 | 0.0 | 0.0 | 0.0 | 0.0 | 0.0 | 0.0 | 0.0 | 0.0 | 0.0 | 0.0 | 0.0 | 0.0 | 0.0 | 0.0 |
|      VER J2016+371.spectral.index |  -0.0004386649484202595 | 0.0 | 0.0 |  5.015750492923508e-06 |  3.1379044181424393e-18 | 0.0 | 4.7446856214976915e-07 | 0.0 |  5.415315706410238e-06 |   8.631303683336128e-18 | 0.0 |   5.085996473183103e-07 | 0.0 |   0.035314919613815166 |  9.868491310501228e-15 | 0.0 |  -0.0007759117390153896 | 0.0 | 0.0 | 0.0 | 0.0 | 0.0 | 0.0 | 0.0 | 0.0 | 0.0 | 0.0 | 0.0 | 0.0 | 0.0 | 0.0 | 0.0 | 0.0 | 0.0 |
|  VER J2016+371.spectral.amplitude |  -3.422513659811816e-16 | 0.0 | 0.0 | 3.9100113435917146e-18 |  2.4469408232808675e-30 | 0.0 | 3.6997559448796563e-19 | 0.0 |  4.348107268130819e-18 |   6.834105388973207e-30 | 0.0 |   4.024859465877415e-19 | 0.0 |  9.868491310501228e-15 |  5.417252659528595e-27 | 0.0 |   6.668213499503215e-16 | 0.0 | 0.0 | 0.0 | 0.0 | 0.0 | 0.0 | 0.0 | 0.0 | 0.0 | 0.0 | 0.0 | 0.0 | 0.0 | 0.0 | 0.0 | 0.0 | 0.0 |
|  VER J2016+371.spectral.reference |                     0.0 | 0.0 | 0.0 |                    0.0 |                     0.0 | 0.0 |                    0.0 | 0.0 |                    0.0 |                     0.0 | 0.0 |                     0.0 | 0.0 |                    0.0 |                    0.0 | 0.0 |                     0.0 | 0.0 | 0.0 | 0.0 | 0.0 | 0.0 | 0.0 | 0.0 | 0.0 | 0.0 | 0.0 | 0.0 | 0.0 | 0.0 | 0.0 | 0.0 | 0.0 | 0.0 |
|    VER J2016+371.spectral.lambda_ | -2.7595274740917034e-05 | 0.0 | 0.0 | 3.1456929787623386e-07 |  1.9704069369987653e-19 | 0.0 |  2.977396778561038e-08 | 0.0 | 3.5132112349375684e-07 |    5.51647727582567e-19 | 0.0 |   3.248214727577721e-08 | 0.0 | -0.0007759117390153896 |  6.668213499503215e-16 | 0.0 |   0.0007205036386941158 | 0.0 | 0.0 | 0.0 | 0.0 | 0.0 | 0.0 | 0.0 | 0.0 | 0.0 | 0.0 | 0.0 | 0.0 | 0.0 | 0.0 | 0.0 | 0.0 | 0.0 |
|      VER J2016+371.spectral.alpha |                     0.0 | 0.0 | 0.0 |                    0.0 |                     0.0 | 0.0 |                    0.0 | 0.0 |                    0.0 |                     0.0 | 0.0 |                     0.0 | 0.0 |                    0.0 |                    0.0 | 0.0 |                     0.0 | 0.0 | 0.0 | 0.0 | 0.0 | 0.0 | 0.0 | 0.0 | 0.0 | 0.0 | 0.0 | 0.0 | 0.0 | 0.0 | 0.0 | 0.0 | 0.0 | 0.0 |
|      3HWC J2010+345.spectral.norm |                     0.0 | 0.0 | 0.0 |                    0.0 |                     0.0 | 0.0 |                    0.0 | 0.0 |                    0.0 |                     0.0 | 0.0 |                     0.0 | 0.0 |                    0.0 |                    0.0 | 0.0 |                     0.0 | 0.0 | 0.0 | 0.0 | 0.0 | 0.0 | 0.0 | 0.0 | 0.0 | 0.0 | 0.0 | 0.0 | 0.0 | 0.0 | 0.0 | 0.0 | 0.0 | 0.0 |
|      3HWC J2010+345.spatial.lon_0 |                     0.0 | 0.0 | 0.0 |                    0.0 |                     0.0 | 0.0 |                    0.0 | 0.0 |                    0.0 |                     0.0 | 0.0 |                     0.0 | 0.0 |                    0.0 |                    0.0 | 0.0 |                     0.0 | 0.0 | 0.0 | 0.0 | 0.0 | 0.0 | 0.0 | 0.0 | 0.0 | 0.0 | 0.0 | 0.0 | 0.0 | 0.0 | 0.0 | 0.0 | 0.0 | 0.0 |
|      3HWC J2010+345.spatial.lat_0 |                     0.0 | 0.0 | 0.0 |                    0.0 |                     0.0 | 0.0 |                    0.0 | 0.0 |                    0.0 |                     0.0 | 0.0 |                     0.0 | 0.0 |                    0.0 |                    0.0 | 0.0 |                     0.0 | 0.0 | 0.0 | 0.0 | 0.0 | 0.0 | 0.0 | 0.0 | 0.0 | 0.0 | 0.0 | 0.0 | 0.0 | 0.0 | 0.0 | 0.0 | 0.0 | 0.0 |
|      3HWC J2006+340.spectral.norm |                     0.0 | 0.0 | 0.0 |                    0.0 |                     0.0 | 0.0 |                    0.0 | 0.0 |                    0.0 |                     0.0 | 0.0 |                     0.0 | 0.0 |                    0.0 |                    0.0 | 0.0 |                     0.0 | 0.0 | 0.0 | 0.0 | 0.0 | 0.0 | 0.0 | 0.0 | 0.0 | 0.0 | 0.0 | 0.0 | 0.0 | 0.0 | 0.0 | 0.0 | 0.0 | 0.0 |
|      3HWC J2006+340.spatial.lon_0 |                     0.0 | 0.0 | 0.0 |                    0.0 |                     0.0 | 0.0 |                    0.0 | 0.0 |                    0.0 |                     0.0 | 0.0 |                     0.0 | 0.0 |                    0.0 |                    0.0 | 0.0 |                     0.0 | 0.0 | 0.0 | 0.0 | 0.0 | 0.0 | 0.0 | 0.0 | 0.0 | 0.0 | 0.0 | 0.0 | 0.0 | 0.0 | 0.0 | 0.0 | 0.0 | 0.0 |
|      3HWC J2006+340.spatial.lat_0 |                     0.0 | 0.0 | 0.0 |                    0.0 |                     0.0 | 0.0 |                    0.0 | 0.0 |                    0.0 |                     0.0 | 0.0 |                     0.0 | 0.0 |                    0.0 |                    0.0 | 0.0 |                     0.0 | 0.0 | 0.0 | 0.0 | 0.0 | 0.0 | 0.0 | 0.0 | 0.0 | 0.0 | 0.0 | 0.0 | 0.0 | 0.0 | 0.0 | 0.0 | 0.0 | 0.0 |
|      3HWC J2005+311.spectral.norm |                     0.0 | 0.0 | 0.0 |                    0.0 |                     0.0 | 0.0 |                    0.0 | 0.0 |                    0.0 |                     0.0 | 0.0 |                     0.0 | 0.0 |                    0.0 |                    0.0 | 0.0 |                     0.0 | 0.0 | 0.0 | 0.0 | 0.0 | 0.0 | 0.0 | 0.0 | 0.0 | 0.0 | 0.0 | 0.0 | 0.0 | 0.0 | 0.0 | 0.0 | 0.0 | 0.0 |
|      3HWC J2005+311.spatial.lon_0 |                     0.0 | 0.0 | 0.0 |                    0.0 |                     0.0 | 0.0 |                    0.0 | 0.0 |                    0.0 |                     0.0 | 0.0 |                     0.0 | 0.0 |                    0.0 |                    0.0 | 0.0 |                     0.0 | 0.0 | 0.0 | 0.0 | 0.0 | 0.0 | 0.0 | 0.0 | 0.0 | 0.0 | 0.0 | 0.0 | 0.0 | 0.0 | 0.0 | 0.0 | 0.0 | 0.0 |
|      3HWC J2005+311.spatial.lat_0 |                     0.0 | 0.0 | 0.0 |                    0.0 |                     0.0 | 0.0 |                    0.0 | 0.0 |                    0.0 |                     0.0 | 0.0 |                     0.0 | 0.0 |                    0.0 |                    0.0 | 0.0 |                     0.0 | 0.0 | 0.0 | 0.0 | 0.0 | 0.0 | 0.0 | 0.0 | 0.0 | 0.0 | 0.0 | 0.0 | 0.0 | 0.0 | 0.0 | 0.0 | 0.0 | 0.0 |
|      3HWC J2023+324.spectral.norm |                     0.0 | 0.0 | 0.0 |                    0.0 |                     0.0 | 0.0 |                    0.0 | 0.0 |                    0.0 |                     0.0 | 0.0 |                     0.0 | 0.0 |                    0.0 |                    0.0 | 0.0 |                     0.0 | 0.0 | 0.0 | 0.0 | 0.0 | 0.0 | 0.0 | 0.0 | 0.0 | 0.0 | 0.0 | 0.0 | 0.0 | 0.0 | 0.0 | 0.0 | 0.0 | 0.0 |
|      3HWC J2023+324.spatial.lon_0 |                     0.0 | 0.0 | 0.0 |                    0.0 |                     0.0 | 0.0 |                    0.0 | 0.0 |                    0.0 |                     0.0 | 0.0 |                     0.0 | 0.0 |                    0.0 |                    0.0 | 0.0 |                     0.0 | 0.0 | 0.0 | 0.0 | 0.0 | 0.0 | 0.0 | 0.0 | 0.0 | 0.0 | 0.0 | 0.0 | 0.0 | 0.0 | 0.0 | 0.0 | 0.0 | 0.0 |
|      3HWC J2023+324.spatial.lat_0 |                     0.0 | 0.0 | 0.0 |                    0.0 |                     0.0 | 0.0 |                    0.0 | 0.0 |                    0.0 |                     0.0 | 0.0 |                     0.0 | 0.0 |                    0.0 |                    0.0 | 0.0 |                     0.0 | 0.0 | 0.0 | 0.0 | 0.0 | 0.0 | 0.0 | 0.0 | 0.0 | 0.0 | 0.0 | 0.0 | 0.0 | 0.0 | 0.0 | 0.0 | 0.0 | 0.0 |
|        3HWC J2023+324.spatial.r_0 |                     0.0 | 0.0 | 0.0 |                    0.0 |                     0.0 | 0.0 |                    0.0 | 0.0 |                    0.0 |                     0.0 | 0.0 |                     0.0 | 0.0 |                    0.0 |                    0.0 | 0.0 |                     0.0 | 0.0 | 0.0 | 0.0 | 0.0 | 0.0 | 0.0 | 0.0 | 0.0 | 0.0 | 0.0 | 0.0 | 0.0 | 0.0 | 0.0 | 0.0 | 0.0 | 0.0 |
|          3HWC J2023+324.spatial.e |                     0.0 | 0.0 | 0.0 |                    0.0 |                     0.0 | 0.0 |                    0.0 | 0.0 |                    0.0 |                     0.0 | 0.0 |                     0.0 | 0.0 |                    0.0 |                    0.0 | 0.0 |                     0.0 | 0.0 | 0.0 | 0.0 | 0.0 | 0.0 | 0.0 | 0.0 | 0.0 | 0.0 | 0.0 | 0.0 | 0.0 | 0.0 | 0.0 | 0.0 | 0.0 | 0.0 |
|        3HWC J2023+324.spatial.phi |                     0.0 | 0.0 | 0.0 |                    0.0 |                     0.0 | 0.0 |                    0.0 | 0.0 |                    0.0 |                     0.0 | 0.0 |                     0.0 | 0.0 |                    0.0 |                    0.0 | 0.0 |                     0.0 | 0.0 | 0.0 | 0.0 | 0.0 | 0.0 | 0.0 | 0.0 | 0.0 | 0.0 | 0.0 | 0.0 | 0.0 | 0.0 | 0.0 | 0.0 | 0.0 | 0.0 |
| 3HWC J2023+324.spatial.edge_width |                     0.0 | 0.0 | 0.0 |                    0.0 |                     0.0 | 0.0 |                    0.0 | 0.0 |                    0.0 |                     0.0 | 0.0 |                     0.0 | 0.0 |                    0.0 |                    0.0 | 0.0 |                     0.0 | 0.0 | 0.0 | 0.0 | 0.0 | 0.0 | 0.0 | 0.0 | 0.0 | 0.0 | 0.0 | 0.0 | 0.0 | 0.0 | 0.0 | 0.0 | 0.0 | 0.0 |
