|                        Parameters |                       0 |                      1 |   2 |                       3 |   4 |                      5 |                      6 |   7 |                      8 |   9 |                      10 |                     11 |  12 |                      13 |  14 |  15 |  16 |  17 |  18 |  19 |  20 |  21 |  22 |  23 |  24 |  25 |  26 |  27 |  28 |  29 |  30 |  31 |  32 |  33 |  34 |  35 |  36 |  37 |
|      VER J2020+368.spectral.index |       1.097236861889354 |  5.274160172521494e-12 | 0.0 |     0.10353695271493203 | 0.0 | -0.0007462966291246395 |  6.155102386178785e-19 | 0.0 | -3.760627671614468e-05 | 0.0 | -1.3285162995512177e-07 | -6.967196879915915e-18 | 0.0 | -1.9181920228906412e-08 | 0.0 | 0.0 | 0.0 | 0.0 | 0.0 | 0.0 | 0.0 | 0.0 | 0.0 | 0.0 | 0.0 | 0.0 | 0.0 | 0.0 | 0.0 | 0.0 | 0.0 | 0.0 | 0.0 | 0.0 | 0.0 | 0.0 | 0.0 | 0.0 |
|  VER J2020+368.spectral.amplitude |   5.274160172521494e-12 | 2.7025665864775787e-23 | 0.0 |   5.624826809449272e-13 | 0.0 | -3.646297960898211e-15 | 3.0310919394445303e-30 | 0.0 | -1.822466908536004e-16 | 0.0 |  -6.849648805750722e-19 | -3.596392546622058e-29 | 0.0 |  -9.911590087020118e-20 | 0.0 | 0.0 | 0.0 | 0.0 | 0.0 | 0.0 | 0.0 | 0.0 | 0.0 | 0.0 | 0.0 | 0.0 | 0.0 | 0.0 | 0.0 | 0.0 | 0.0 | 0.0 | 0.0 | 0.0 | 0.0 | 0.0 | 0.0 | 0.0 |
|  VER J2020+368.spectral.reference |                     0.0 |                    0.0 | 0.0 |                     0.0 | 0.0 |                    0.0 |                    0.0 | 0.0 |                    0.0 | 0.0 |                     0.0 |                    0.0 | 0.0 |                     0.0 | 0.0 | 0.0 | 0.0 | 0.0 | 0.0 | 0.0 | 0.0 | 0.0 | 0.0 | 0.0 | 0.0 | 0.0 | 0.0 | 0.0 | 0.0 | 0.0 | 0.0 | 0.0 | 0.0 | 0.0 | 0.0 | 0.0 | 0.0 | 0.0 |
|    VER J2020+368.spectral.lambda_ |     0.10353695271493203 |  5.624826809449272e-13 | 0.0 |    0.012587440977769142 | 0.0 | -8.117305877971355e-05 |  6.866176169080758e-20 | 0.0 | -4.056625431739801e-06 | 0.0 | -1.4498486425805295e-08 | -7.620226623051503e-19 | 0.0 | -2.1018716167043694e-09 | 0.0 | 0.0 | 0.0 | 0.0 | 0.0 | 0.0 | 0.0 | 0.0 | 0.0 | 0.0 | 0.0 | 0.0 | 0.0 | 0.0 | 0.0 | 0.0 | 0.0 | 0.0 | 0.0 | 0.0 | 0.0 | 0.0 | 0.0 | 0.0 |
|      VER J2020+368.spectral.alpha |                     0.0 |                    0.0 | 0.0 |                     0.0 | 0.0 |                    0.0 |                    0.0 | 0.0 |                    0.0 | 0.0 |                     0.0 |                    0.0 | 0.0 |                     0.0 | 0.0 | 0.0 | 0.0 | 0.0 | 0.0 | 0.0 | 0.0 | 0.0 | 0.0 | 0.0 | 0.0 | 0.0 | 0.0 | 0.0 | 0.0 | 0.0 | 0.0 | 0.0 | 0.0 | 0.0 | 0.0 | 0.0 | 0.0 | 0.0 |
|      VER J2018+367.spectral.index |  -0.0007462966291246395 | -3.646297960898211e-15 | 0.0 |  -8.117305877971355e-05 | 0.0 |      0.648613030191566 | 1.9531803499089514e-16 | 0.0 |    0.03230228624032523 | 0.0 |  2.1401675537135138e-07 |   1.26391443068214e-17 | 0.0 |    3.83410847183463e-08 | 0.0 | 0.0 | 0.0 | 0.0 | 0.0 | 0.0 | 0.0 | 0.0 | 0.0 | 0.0 | 0.0 | 0.0 | 0.0 | 0.0 | 0.0 | 0.0 | 0.0 | 0.0 | 0.0 | 0.0 | 0.0 | 0.0 | 0.0 | 0.0 |
|  VER J2018+367.spectral.amplitude |   6.155102386178785e-19 | 3.0310919394445303e-30 | 0.0 |   6.866176169080758e-20 | 0.0 | 1.9531803499089514e-16 |  6.578449076084868e-32 | 0.0 |  1.198667060251735e-17 | 0.0 |   7.157012830492503e-23 | 4.2312621225418915e-33 | 0.0 |  1.2849664348248247e-23 | 0.0 | 0.0 | 0.0 | 0.0 | 0.0 | 0.0 | 0.0 | 0.0 | 0.0 | 0.0 | 0.0 | 0.0 | 0.0 | 0.0 | 0.0 | 0.0 | 0.0 | 0.0 | 0.0 | 0.0 | 0.0 | 0.0 | 0.0 | 0.0 |
|  VER J2018+367.spectral.reference |                     0.0 |                    0.0 | 0.0 |                     0.0 | 0.0 |                    0.0 |                    0.0 | 0.0 |                    0.0 | 0.0 |                     0.0 |                    0.0 | 0.0 |                     0.0 | 0.0 | 0.0 | 0.0 | 0.0 | 0.0 | 0.0 | 0.0 | 0.0 | 0.0 | 0.0 | 0.0 | 0.0 | 0.0 | 0.0 | 0.0 | 0.0 | 0.0 | 0.0 | 0.0 | 0.0 | 0.0 | 0.0 | 0.0 | 0.0 |
|    VER J2018+367.spectral.lambda_ |  -3.760627671614468e-05 | -1.822466908536004e-16 | 0.0 |  -4.056625431739801e-06 | 0.0 |    0.03230228624032523 |  1.198667060251735e-17 | 0.0 |   0.002447834581695886 | 0.0 |  1.2736846258847114e-08 |  7.568279545012641e-19 | 0.0 |  2.3078095386001616e-09 | 0.0 | 0.0 | 0.0 | 0.0 | 0.0 | 0.0 | 0.0 | 0.0 | 0.0 | 0.0 | 0.0 | 0.0 | 0.0 | 0.0 | 0.0 | 0.0 | 0.0 | 0.0 | 0.0 | 0.0 | 0.0 | 0.0 | 0.0 | 0.0 |
|      VER J2018+367.spectral.alpha |                     0.0 |                    0.0 | 0.0 |                     0.0 | 0.0 |                    0.0 |                    0.0 | 0.0 |                    0.0 | 0.0 |                     0.0 |                    0.0 | 0.0 |                     0.0 | 0.0 | 0.0 | 0.0 | 0.0 | 0.0 | 0.0 | 0.0 | 0.0 | 0.0 | 0.0 | 0.0 | 0.0 | 0.0 | 0.0 | 0.0 | 0.0 | 0.0 | 0.0 | 0.0 | 0.0 | 0.0 | 0.0 | 0.0 | 0.0 |
|      VER J2016+371.spectral.index | -1.3285162995512177e-07 | -6.849648805750722e-19 | 0.0 | -1.4498486425805295e-08 | 0.0 | 2.1401675537135138e-07 |  7.157012830492503e-23 | 0.0 | 1.2736846258847114e-08 | 0.0 |      1.3705278469941573 |  6.426221533689948e-11 | 0.0 |     0.15930000990958443 | 0.0 | 0.0 | 0.0 | 0.0 | 0.0 | 0.0 | 0.0 | 0.0 | 0.0 | 0.0 | 0.0 | 0.0 | 0.0 | 0.0 | 0.0 | 0.0 | 0.0 | 0.0 | 0.0 | 0.0 | 0.0 | 0.0 | 0.0 | 0.0 |
|  VER J2016+371.spectral.amplitude |  -6.967196879915915e-18 | -3.596392546622058e-29 | 0.0 |  -7.620226623051503e-19 | 0.0 |   1.26391443068214e-17 | 4.2312621225418915e-33 | 0.0 |  7.568279545012641e-19 | 0.0 |   6.426221533689948e-11 |  3.332212273522074e-21 | 0.0 |   8.971054580467048e-12 | 0.0 | 0.0 | 0.0 | 0.0 | 0.0 | 0.0 | 0.0 | 0.0 | 0.0 | 0.0 | 0.0 | 0.0 | 0.0 | 0.0 | 0.0 | 0.0 | 0.0 | 0.0 | 0.0 | 0.0 | 0.0 | 0.0 | 0.0 | 0.0 |
|  VER J2016+371.spectral.reference |                     0.0 |                    0.0 | 0.0 |                     0.0 | 0.0 |                    0.0 |                    0.0 | 0.0 |                    0.0 | 0.0 |                     0.0 |                    0.0 | 0.0 |                     0.0 | 0.0 | 0.0 | 0.0 | 0.0 | 0.0 | 0.0 | 0.0 | 0.0 | 0.0 | 0.0 | 0.0 | 0.0 | 0.0 | 0.0 | 0.0 | 0.0 | 0.0 | 0.0 | 0.0 | 0.0 | 0.0 | 0.0 | 0.0 | 0.0 |
|    VER J2016+371.spectral.lambda_ | -1.9181920228906412e-08 | -9.911590087020118e-20 | 0.0 | -2.1018716167043694e-09 | 0.0 |   3.83410847183463e-08 | 1.2849664348248247e-23 | 0.0 | 2.3078095386001616e-09 | 0.0 |     0.15930000990958443 |  8.971054580467048e-12 | 0.0 |    0.026730650040667107 | 0.0 | 0.0 | 0.0 | 0.0 | 0.0 | 0.0 | 0.0 | 0.0 | 0.0 | 0.0 | 0.0 | 0.0 | 0.0 | 0.0 | 0.0 | 0.0 | 0.0 | 0.0 | 0.0 | 0.0 | 0.0 | 0.0 | 0.0 | 0.0 |
|      VER J2016+371.spectral.alpha |                     0.0 |                    0.0 | 0.0 |                     0.0 | 0.0 |                    0.0 |                    0.0 | 0.0 |                    0.0 | 0.0 |                     0.0 |                    0.0 | 0.0 |                     0.0 | 0.0 | 0.0 | 0.0 | 0.0 | 0.0 | 0.0 | 0.0 | 0.0 | 0.0 | 0.0 | 0.0 | 0.0 | 0.0 | 0.0 | 0.0 | 0.0 | 0.0 | 0.0 | 0.0 | 0.0 | 0.0 | 0.0 | 0.0 | 0.0 |
|        fermi bubble.spectral.norm |                     0.0 |                    0.0 | 0.0 |                     0.0 | 0.0 |                    0.0 |                    0.0 | 0.0 |                    0.0 | 0.0 |                     0.0 |                    0.0 | 0.0 |                     0.0 | 0.0 | 0.0 | 0.0 | 0.0 | 0.0 | 0.0 | 0.0 | 0.0 | 0.0 | 0.0 | 0.0 | 0.0 | 0.0 | 0.0 | 0.0 | 0.0 | 0.0 | 0.0 | 0.0 | 0.0 | 0.0 | 0.0 | 0.0 | 0.0 |
|        fermi bubble.spatial.lon_0 |                     0.0 |                    0.0 | 0.0 |                     0.0 | 0.0 |                    0.0 |                    0.0 | 0.0 |                    0.0 | 0.0 |                     0.0 |                    0.0 | 0.0 |                     0.0 | 0.0 | 0.0 | 0.0 | 0.0 | 0.0 | 0.0 | 0.0 | 0.0 | 0.0 | 0.0 | 0.0 | 0.0 | 0.0 | 0.0 | 0.0 | 0.0 | 0.0 | 0.0 | 0.0 | 0.0 | 0.0 | 0.0 | 0.0 | 0.0 |
|        fermi bubble.spatial.lat_0 |                     0.0 |                    0.0 | 0.0 |                     0.0 | 0.0 |                    0.0 |                    0.0 | 0.0 |                    0.0 | 0.0 |                     0.0 |                    0.0 | 0.0 |                     0.0 | 0.0 | 0.0 | 0.0 | 0.0 | 0.0 | 0.0 | 0.0 | 0.0 | 0.0 | 0.0 | 0.0 | 0.0 | 0.0 | 0.0 | 0.0 | 0.0 | 0.0 | 0.0 | 0.0 | 0.0 | 0.0 | 0.0 | 0.0 | 0.0 |
|        fermi bubble.spatial.sigma |                     0.0 |                    0.0 | 0.0 |                     0.0 | 0.0 |                    0.0 |                    0.0 | 0.0 |                    0.0 | 0.0 |                     0.0 |                    0.0 | 0.0 |                     0.0 | 0.0 | 0.0 | 0.0 | 0.0 | 0.0 | 0.0 | 0.0 | 0.0 | 0.0 | 0.0 | 0.0 | 0.0 | 0.0 | 0.0 | 0.0 | 0.0 | 0.0 | 0.0 | 0.0 | 0.0 | 0.0 | 0.0 | 0.0 | 0.0 |
|            fermi bubble.spatial.e |                     0.0 |                    0.0 | 0.0 |                     0.0 | 0.0 |                    0.0 |                    0.0 | 0.0 |                    0.0 | 0.0 |                     0.0 |                    0.0 | 0.0 |                     0.0 | 0.0 | 0.0 | 0.0 | 0.0 | 0.0 | 0.0 | 0.0 | 0.0 | 0.0 | 0.0 | 0.0 | 0.0 | 0.0 | 0.0 | 0.0 | 0.0 | 0.0 | 0.0 | 0.0 | 0.0 | 0.0 | 0.0 | 0.0 | 0.0 |
|          fermi bubble.spatial.phi |                     0.0 |                    0.0 | 0.0 |                     0.0 | 0.0 |                    0.0 |                    0.0 | 0.0 |                    0.0 | 0.0 |                     0.0 |                    0.0 | 0.0 |                     0.0 | 0.0 | 0.0 | 0.0 | 0.0 | 0.0 | 0.0 | 0.0 | 0.0 | 0.0 | 0.0 | 0.0 | 0.0 | 0.0 | 0.0 | 0.0 | 0.0 | 0.0 | 0.0 | 0.0 | 0.0 | 0.0 | 0.0 | 0.0 | 0.0 |
|       VER J2019+407.spectral.norm |                     0.0 |                    0.0 | 0.0 |                     0.0 | 0.0 |                    0.0 |                    0.0 | 0.0 |                    0.0 | 0.0 |                     0.0 |                    0.0 | 0.0 |                     0.0 | 0.0 | 0.0 | 0.0 | 0.0 | 0.0 | 0.0 | 0.0 | 0.0 | 0.0 | 0.0 | 0.0 | 0.0 | 0.0 | 0.0 | 0.0 | 0.0 | 0.0 | 0.0 | 0.0 | 0.0 | 0.0 | 0.0 | 0.0 | 0.0 |
|      3HWC J2010+345.spectral.norm |                     0.0 |                    0.0 | 0.0 |                     0.0 | 0.0 |                    0.0 |                    0.0 | 0.0 |                    0.0 | 0.0 |                     0.0 |                    0.0 | 0.0 |                     0.0 | 0.0 | 0.0 | 0.0 | 0.0 | 0.0 | 0.0 | 0.0 | 0.0 | 0.0 | 0.0 | 0.0 | 0.0 | 0.0 | 0.0 | 0.0 | 0.0 | 0.0 | 0.0 | 0.0 | 0.0 | 0.0 | 0.0 | 0.0 | 0.0 |
|      3HWC J2010+345.spatial.lon_0 |                     0.0 |                    0.0 | 0.0 |                     0.0 | 0.0 |                    0.0 |                    0.0 | 0.0 |                    0.0 | 0.0 |                     0.0 |                    0.0 | 0.0 |                     0.0 | 0.0 | 0.0 | 0.0 | 0.0 | 0.0 | 0.0 | 0.0 | 0.0 | 0.0 | 0.0 | 0.0 | 0.0 | 0.0 | 0.0 | 0.0 | 0.0 | 0.0 | 0.0 | 0.0 | 0.0 | 0.0 | 0.0 | 0.0 | 0.0 |
|      3HWC J2010+345.spatial.lat_0 |                     0.0 |                    0.0 | 0.0 |                     0.0 | 0.0 |                    0.0 |                    0.0 | 0.0 |                    0.0 | 0.0 |                     0.0 |                    0.0 | 0.0 |                     0.0 | 0.0 | 0.0 | 0.0 | 0.0 | 0.0 | 0.0 | 0.0 | 0.0 | 0.0 | 0.0 | 0.0 | 0.0 | 0.0 | 0.0 | 0.0 | 0.0 | 0.0 | 0.0 | 0.0 | 0.0 | 0.0 | 0.0 | 0.0 | 0.0 |
|      3HWC J2006+340.spectral.norm |                     0.0 |                    0.0 | 0.0 |                     0.0 | 0.0 |                    0.0 |                    0.0 | 0.0 |                    0.0 | 0.0 |                     0.0 |                    0.0 | 0.0 |                     0.0 | 0.0 | 0.0 | 0.0 | 0.0 | 0.0 | 0.0 | 0.0 | 0.0 | 0.0 | 0.0 | 0.0 | 0.0 | 0.0 | 0.0 | 0.0 | 0.0 | 0.0 | 0.0 | 0.0 | 0.0 | 0.0 | 0.0 | 0.0 | 0.0 |
|      3HWC J2006+340.spatial.lon_0 |                     0.0 |                    0.0 | 0.0 |                     0.0 | 0.0 |                    0.0 |                    0.0 | 0.0 |                    0.0 | 0.0 |                     0.0 |                    0.0 | 0.0 |                     0.0 | 0.0 | 0.0 | 0.0 | 0.0 | 0.0 | 0.0 | 0.0 | 0.0 | 0.0 | 0.0 | 0.0 | 0.0 | 0.0 | 0.0 | 0.0 | 0.0 | 0.0 | 0.0 | 0.0 | 0.0 | 0.0 | 0.0 | 0.0 | 0.0 |
|      3HWC J2006+340.spatial.lat_0 |                     0.0 |                    0.0 | 0.0 |                     0.0 | 0.0 |                    0.0 |                    0.0 | 0.0 |                    0.0 | 0.0 |                     0.0 |                    0.0 | 0.0 |                     0.0 | 0.0 | 0.0 | 0.0 | 0.0 | 0.0 | 0.0 | 0.0 | 0.0 | 0.0 | 0.0 | 0.0 | 0.0 | 0.0 | 0.0 | 0.0 | 0.0 | 0.0 | 0.0 | 0.0 | 0.0 | 0.0 | 0.0 | 0.0 | 0.0 |
|      3HWC J2005+311.spectral.norm |                     0.0 |                    0.0 | 0.0 |                     0.0 | 0.0 |                    0.0 |                    0.0 | 0.0 |                    0.0 | 0.0 |                     0.0 |                    0.0 | 0.0 |                     0.0 | 0.0 | 0.0 | 0.0 | 0.0 | 0.0 | 0.0 | 0.0 | 0.0 | 0.0 | 0.0 | 0.0 | 0.0 | 0.0 | 0.0 | 0.0 | 0.0 | 0.0 | 0.0 | 0.0 | 0.0 | 0.0 | 0.0 | 0.0 | 0.0 |
|      3HWC J2005+311.spatial.lon_0 |                     0.0 |                    0.0 | 0.0 |                     0.0 | 0.0 |                    0.0 |                    0.0 | 0.0 |                    0.0 | 0.0 |                     0.0 |                    0.0 | 0.0 |                     0.0 | 0.0 | 0.0 | 0.0 | 0.0 | 0.0 | 0.0 | 0.0 | 0.0 | 0.0 | 0.0 | 0.0 | 0.0 | 0.0 | 0.0 | 0.0 | 0.0 | 0.0 | 0.0 | 0.0 | 0.0 | 0.0 | 0.0 | 0.0 | 0.0 |
|      3HWC J2005+311.spatial.lat_0 |                     0.0 |                    0.0 | 0.0 |                     0.0 | 0.0 |                    0.0 |                    0.0 | 0.0 |                    0.0 | 0.0 |                     0.0 |                    0.0 | 0.0 |                     0.0 | 0.0 | 0.0 | 0.0 | 0.0 | 0.0 | 0.0 | 0.0 | 0.0 | 0.0 | 0.0 | 0.0 | 0.0 | 0.0 | 0.0 | 0.0 | 0.0 | 0.0 | 0.0 | 0.0 | 0.0 | 0.0 | 0.0 | 0.0 | 0.0 |
|      3HWC J2023+324.spectral.norm |                     0.0 |                    0.0 | 0.0 |                     0.0 | 0.0 |                    0.0 |                    0.0 | 0.0 |                    0.0 | 0.0 |                     0.0 |                    0.0 | 0.0 |                     0.0 | 0.0 | 0.0 | 0.0 | 0.0 | 0.0 | 0.0 | 0.0 | 0.0 | 0.0 | 0.0 | 0.0 | 0.0 | 0.0 | 0.0 | 0.0 | 0.0 | 0.0 | 0.0 | 0.0 | 0.0 | 0.0 | 0.0 | 0.0 | 0.0 |
|      3HWC J2023+324.spatial.lon_0 |                     0.0 |                    0.0 | 0.0 |                     0.0 | 0.0 |                    0.0 |                    0.0 | 0.0 |                    0.0 | 0.0 |                     0.0 |                    0.0 | 0.0 |                     0.0 | 0.0 | 0.0 | 0.0 | 0.0 | 0.0 | 0.0 | 0.0 | 0.0 | 0.0 | 0.0 | 0.0 | 0.0 | 0.0 | 0.0 | 0.0 | 0.0 | 0.0 | 0.0 | 0.0 | 0.0 | 0.0 | 0.0 | 0.0 | 0.0 |
|      3HWC J2023+324.spatial.lat_0 |                     0.0 |                    0.0 | 0.0 |                     0.0 | 0.0 |                    0.0 |                    0.0 | 0.0 |                    0.0 | 0.0 |                     0.0 |                    0.0 | 0.0 |                     0.0 | 0.0 | 0.0 | 0.0 | 0.0 | 0.0 | 0.0 | 0.0 | 0.0 | 0.0 | 0.0 | 0.0 | 0.0 | 0.0 | 0.0 | 0.0 | 0.0 | 0.0 | 0.0 | 0.0 | 0.0 | 0.0 | 0.0 | 0.0 | 0.0 |
|        3HWC J2023+324.spatial.r_0 |                     0.0 |                    0.0 | 0.0 |                     0.0 | 0.0 |                    0.0 |                    0.0 | 0.0 |                    0.0 | 0.0 |                     0.0 |                    0.0 | 0.0 |                     0.0 | 0.0 | 0.0 | 0.0 | 0.0 | 0.0 | 0.0 | 0.0 | 0.0 | 0.0 | 0.0 | 0.0 | 0.0 | 0.0 | 0.0 | 0.0 | 0.0 | 0.0 | 0.0 | 0.0 | 0.0 | 0.0 | 0.0 | 0.0 | 0.0 |
|          3HWC J2023+324.spatial.e |                     0.0 |                    0.0 | 0.0 |                     0.0 | 0.0 |                    0.0 |                    0.0 | 0.0 |                    0.0 | 0.0 |                     0.0 |                    0.0 | 0.0 |                     0.0 | 0.0 | 0.0 | 0.0 | 0.0 | 0.0 | 0.0 | 0.0 | 0.0 | 0.0 | 0.0 | 0.0 | 0.0 | 0.0 | 0.0 | 0.0 | 0.0 | 0.0 | 0.0 | 0.0 | 0.0 | 0.0 | 0.0 | 0.0 | 0.0 |
|        3HWC J2023+324.spatial.phi |                     0.0 |                    0.0 | 0.0 |                     0.0 | 0.0 |                    0.0 |                    0.0 | 0.0 |                    0.0 | 0.0 |                     0.0 |                    0.0 | 0.0 |                     0.0 | 0.0 | 0.0 | 0.0 | 0.0 | 0.0 | 0.0 | 0.0 | 0.0 | 0.0 | 0.0 | 0.0 | 0.0 | 0.0 | 0.0 | 0.0 | 0.0 | 0.0 | 0.0 | 0.0 | 0.0 | 0.0 | 0.0 | 0.0 | 0.0 |
| 3HWC J2023+324.spatial.edge_width |                     0.0 |                    0.0 | 0.0 |                     0.0 | 0.0 |                    0.0 |                    0.0 | 0.0 |                    0.0 | 0.0 |                     0.0 |                    0.0 | 0.0 |                     0.0 | 0.0 | 0.0 | 0.0 | 0.0 | 0.0 | 0.0 | 0.0 | 0.0 | 0.0 | 0.0 | 0.0 | 0.0 | 0.0 | 0.0 | 0.0 | 0.0 | 0.0 | 0.0 | 0.0 | 0.0 | 0.0 | 0.0 | 0.0 | 0.0 |
