|                        Parameters |                       0 |   1 |   2 |                       3 |   4 |                       5 |                      6 |   7 |   8 |   9 |  10 |  11 |                     12 |                      13 |  14 |                     15 |  16 |                      17 |                     18 |  19 |                      20 |  21 |                      22 |                      23 |  24 |                      25 |  26 |  27 |  28 |  29 |  30 |  31 |  32 |  33 |  34 |  35 |  36 |  37 |  38 |  39 |  40 |  41 |  42 |  43 |  44 |  45 |
|             diffuse.spectral.norm |    0.021740293563539282 | 0.0 | 0.0 |    8.52555039074405e-17 | 0.0 |  -0.0022299748889157344 |  0.0002834494059130172 | 0.0 | 0.0 | 0.0 | 0.0 | 0.0 |  5.703455987109306e-05 | -1.5497193493938535e-17 | 0.0 |  3.952175299647456e-05 | 0.0 |   0.0001735667296152236 | -7.945451094674856e-17 | 0.0 |  2.0387309696576252e-05 | 0.0 |    6.42637761311114e-05 | -4.7996866645403205e-17 | 0.0 |   3.643283785712129e-05 | 0.0 | 0.0 | 0.0 | 0.0 | 0.0 | 0.0 | 0.0 | 0.0 | 0.0 | 0.0 | 0.0 | 0.0 | 0.0 | 0.0 | 0.0 | 0.0 | 0.0 | 0.0 | 0.0 | 0.0 |
|             diffuse.spectral.tilt |                     0.0 | 0.0 | 0.0 |                     0.0 | 0.0 |                     0.0 |                    0.0 | 0.0 | 0.0 | 0.0 | 0.0 | 0.0 |                    0.0 |                     0.0 | 0.0 |                    0.0 | 0.0 |                     0.0 |                    0.0 | 0.0 |                     0.0 | 0.0 |                     0.0 |                     0.0 | 0.0 |                     0.0 | 0.0 | 0.0 | 0.0 | 0.0 | 0.0 | 0.0 | 0.0 | 0.0 | 0.0 | 0.0 | 0.0 | 0.0 | 0.0 | 0.0 | 0.0 | 0.0 | 0.0 | 0.0 | 0.0 | 0.0 |
|        diffuse.spectral.reference |                     0.0 | 0.0 | 0.0 |                     0.0 | 0.0 |                     0.0 |                    0.0 | 0.0 | 0.0 | 0.0 | 0.0 | 0.0 |                    0.0 |                     0.0 | 0.0 |                    0.0 | 0.0 |                     0.0 |                    0.0 | 0.0 |                     0.0 | 0.0 |                     0.0 |                     0.0 | 0.0 |                     0.0 | 0.0 | 0.0 | 0.0 | 0.0 | 0.0 | 0.0 | 0.0 | 0.0 | 0.0 | 0.0 | 0.0 | 0.0 | 0.0 | 0.0 | 0.0 | 0.0 | 0.0 | 0.0 | 0.0 | 0.0 |
| PSR J1958+2846.spectral.amplitude |    8.52555039074405e-17 | 0.0 | 0.0 |   7.511126941371059e-28 | 0.0 | -1.5660618358719476e-14 |  5.805458961941436e-16 | 0.0 | 0.0 | 0.0 | 0.0 | 0.0 | -3.637045155368968e-17 |   5.999275867237376e-29 | 0.0 | 5.2073245174603776e-17 | 0.0 |   3.355322135381456e-16 | 3.2049095884241653e-28 | 0.0 |  1.3402265801874035e-17 | 0.0 |   9.893239415736472e-18 |    5.77516014947026e-29 | 0.0 |  4.2693595963662224e-17 | 0.0 | 0.0 | 0.0 | 0.0 | 0.0 | 0.0 | 0.0 | 0.0 | 0.0 | 0.0 | 0.0 | 0.0 | 0.0 | 0.0 | 0.0 | 0.0 | 0.0 | 0.0 | 0.0 | 0.0 |
| PSR J1958+2846.spectral.reference |                     0.0 | 0.0 | 0.0 |                     0.0 | 0.0 |                     0.0 |                    0.0 | 0.0 | 0.0 | 0.0 | 0.0 | 0.0 |                    0.0 |                     0.0 | 0.0 |                    0.0 | 0.0 |                     0.0 |                    0.0 | 0.0 |                     0.0 | 0.0 |                     0.0 |                     0.0 | 0.0 |                     0.0 | 0.0 | 0.0 | 0.0 | 0.0 | 0.0 | 0.0 | 0.0 | 0.0 | 0.0 | 0.0 | 0.0 | 0.0 | 0.0 | 0.0 | 0.0 | 0.0 | 0.0 | 0.0 | 0.0 | 0.0 |
|     PSR J1958+2846.spectral.alpha |  -0.0022299748889157344 | 0.0 | 0.0 | -1.5660618358719476e-14 | 0.0 |      0.3608126895734451 |  -0.004111515728884518 | 0.0 | 0.0 | 0.0 | 0.0 | 0.0 |  0.0010824573502727494 | -1.2579345086850851e-15 | 0.0 |  -0.001093650494726427 | 0.0 |   -0.007453435788819017 | -7.085950259305109e-15 | 0.0 |  -0.0003745107081842596 | 0.0 | -0.00037811808956132167 | -1.2941275604465334e-15 | 0.0 |  -0.0010421315795105643 | 0.0 | 0.0 | 0.0 | 0.0 | 0.0 | 0.0 | 0.0 | 0.0 | 0.0 | 0.0 | 0.0 | 0.0 | 0.0 | 0.0 | 0.0 | 0.0 | 0.0 | 0.0 | 0.0 | 0.0 |
|      PSR J1958+2846.spectral.beta |   0.0002834494059130172 | 0.0 | 0.0 |   5.805458961941436e-16 | 0.0 |   -0.004111515728884518 |   0.005150272147368487 | 0.0 | 0.0 | 0.0 | 0.0 | 0.0 |  5.217172530922672e-05 |  1.3948764505702802e-16 | 0.0 | 0.00013005431173592567 | 0.0 |   0.0008374460559220365 |  6.424263630782804e-16 | 0.0 |  0.00010566439607140588 | 0.0 |  0.00041623079163745895 |  1.3834688024282163e-16 | 0.0 |  0.00017033024613525983 | 0.0 | 0.0 | 0.0 | 0.0 | 0.0 | 0.0 | 0.0 | 0.0 | 0.0 | 0.0 | 0.0 | 0.0 | 0.0 | 0.0 | 0.0 | 0.0 | 0.0 | 0.0 | 0.0 | 0.0 |
|      PSR J1958+2846.spatial.lon_0 |                     0.0 | 0.0 | 0.0 |                     0.0 | 0.0 |                     0.0 |                    0.0 | 0.0 | 0.0 | 0.0 | 0.0 | 0.0 |                    0.0 |                     0.0 | 0.0 |                    0.0 | 0.0 |                     0.0 |                    0.0 | 0.0 |                     0.0 | 0.0 |                     0.0 |                     0.0 | 0.0 |                     0.0 | 0.0 | 0.0 | 0.0 | 0.0 | 0.0 | 0.0 | 0.0 | 0.0 | 0.0 | 0.0 | 0.0 | 0.0 | 0.0 | 0.0 | 0.0 | 0.0 | 0.0 | 0.0 | 0.0 | 0.0 |
|      PSR J1958+2846.spatial.lat_0 |                     0.0 | 0.0 | 0.0 |                     0.0 | 0.0 |                     0.0 |                    0.0 | 0.0 | 0.0 | 0.0 | 0.0 | 0.0 |                    0.0 |                     0.0 | 0.0 |                    0.0 | 0.0 |                     0.0 |                    0.0 | 0.0 |                     0.0 | 0.0 |                     0.0 |                     0.0 | 0.0 |                     0.0 | 0.0 | 0.0 | 0.0 | 0.0 | 0.0 | 0.0 | 0.0 | 0.0 | 0.0 | 0.0 | 0.0 | 0.0 | 0.0 | 0.0 | 0.0 | 0.0 | 0.0 | 0.0 | 0.0 | 0.0 |
|      PSR J1958+2846.spatial.sigma |                     0.0 | 0.0 | 0.0 |                     0.0 | 0.0 |                     0.0 |                    0.0 | 0.0 | 0.0 | 0.0 | 0.0 | 0.0 |                    0.0 |                     0.0 | 0.0 |                    0.0 | 0.0 |                     0.0 |                    0.0 | 0.0 |                     0.0 | 0.0 |                     0.0 |                     0.0 | 0.0 |                     0.0 | 0.0 | 0.0 | 0.0 | 0.0 | 0.0 | 0.0 | 0.0 | 0.0 | 0.0 | 0.0 | 0.0 | 0.0 | 0.0 | 0.0 | 0.0 | 0.0 | 0.0 | 0.0 | 0.0 | 0.0 |
|          PSR J1958+2846.spatial.e |                     0.0 | 0.0 | 0.0 |                     0.0 | 0.0 |                     0.0 |                    0.0 | 0.0 | 0.0 | 0.0 | 0.0 | 0.0 |                    0.0 |                     0.0 | 0.0 |                    0.0 | 0.0 |                     0.0 |                    0.0 | 0.0 |                     0.0 | 0.0 |                     0.0 |                     0.0 | 0.0 |                     0.0 | 0.0 | 0.0 | 0.0 | 0.0 | 0.0 | 0.0 | 0.0 | 0.0 | 0.0 | 0.0 | 0.0 | 0.0 | 0.0 | 0.0 | 0.0 | 0.0 | 0.0 | 0.0 | 0.0 | 0.0 |
|        PSR J1958+2846.spatial.phi |                     0.0 | 0.0 | 0.0 |                     0.0 | 0.0 |                     0.0 |                    0.0 | 0.0 | 0.0 | 0.0 | 0.0 | 0.0 |                    0.0 |                     0.0 | 0.0 |                    0.0 | 0.0 |                     0.0 |                    0.0 | 0.0 |                     0.0 | 0.0 |                     0.0 |                     0.0 | 0.0 |                     0.0 | 0.0 | 0.0 | 0.0 | 0.0 | 0.0 | 0.0 | 0.0 | 0.0 | 0.0 | 0.0 | 0.0 | 0.0 | 0.0 | 0.0 | 0.0 | 0.0 | 0.0 | 0.0 | 0.0 | 0.0 |
|      VER J2020+368.spectral.index |   5.703455987109306e-05 | 0.0 | 0.0 |  -3.637045155368968e-17 | 0.0 |   0.0010824573502727494 |  5.217172530922672e-05 | 0.0 | 0.0 | 0.0 | 0.0 | 0.0 |   0.015212499590043189 |  1.2603271861846078e-15 | 0.0 | -0.0007117253972708063 | 0.0 |  -8.199087001192255e-06 |  6.591385544326108e-17 | 0.0 |  -3.120683499259762e-06 | 0.0 |  -3.683717332876429e-05 |   7.334594685074791e-18 | 0.0 |   8.557094798868895e-06 | 0.0 | 0.0 | 0.0 | 0.0 | 0.0 | 0.0 | 0.0 | 0.0 | 0.0 | 0.0 | 0.0 | 0.0 | 0.0 | 0.0 | 0.0 | 0.0 | 0.0 | 0.0 | 0.0 | 0.0 |
|  VER J2020+368.spectral.amplitude | -1.5497193493938535e-17 | 0.0 | 0.0 |   5.999275867237376e-29 | 0.0 | -1.2579345086850851e-15 | 1.3948764505702802e-16 | 0.0 | 0.0 | 0.0 | 0.0 | 0.0 | 1.2603271861846078e-15 |   9.549083905875065e-28 | 0.0 |  2.704710941599589e-16 | 0.0 |    1.13562947045298e-16 |  7.172327824213773e-29 | 0.0 |  1.2331823181845737e-17 | 0.0 |   4.488527351481135e-17 |   1.864440640877666e-29 | 0.0 |  2.1794133926509985e-17 | 0.0 | 0.0 | 0.0 | 0.0 | 0.0 | 0.0 | 0.0 | 0.0 | 0.0 | 0.0 | 0.0 | 0.0 | 0.0 | 0.0 | 0.0 | 0.0 | 0.0 | 0.0 | 0.0 | 0.0 |
|  VER J2020+368.spectral.reference |                     0.0 | 0.0 | 0.0 |                     0.0 | 0.0 |                     0.0 |                    0.0 | 0.0 | 0.0 | 0.0 | 0.0 | 0.0 |                    0.0 |                     0.0 | 0.0 |                    0.0 | 0.0 |                     0.0 |                    0.0 | 0.0 |                     0.0 | 0.0 |                     0.0 |                     0.0 | 0.0 |                     0.0 | 0.0 | 0.0 | 0.0 | 0.0 | 0.0 | 0.0 | 0.0 | 0.0 | 0.0 | 0.0 | 0.0 | 0.0 | 0.0 | 0.0 | 0.0 | 0.0 | 0.0 | 0.0 | 0.0 | 0.0 |
|    VER J2020+368.spectral.lambda_ |   3.952175299647456e-05 | 0.0 | 0.0 |  5.2073245174603776e-17 | 0.0 |   -0.001093650494726427 | 0.00013005431173592567 | 0.0 | 0.0 | 0.0 | 0.0 | 0.0 | -0.0007117253972708063 |   2.704710941599589e-16 | 0.0 |  0.0008952482776714517 | 0.0 |   9.412913267388583e-05 |  8.868383375040069e-17 | 0.0 |  1.0103852364689317e-05 | 0.0 |   4.020974174383602e-05 |   1.678093787909079e-17 | 0.0 |   2.006086280131151e-05 | 0.0 | 0.0 | 0.0 | 0.0 | 0.0 | 0.0 | 0.0 | 0.0 | 0.0 | 0.0 | 0.0 | 0.0 | 0.0 | 0.0 | 0.0 | 0.0 | 0.0 | 0.0 | 0.0 | 0.0 |
|      VER J2020+368.spectral.alpha |                     0.0 | 0.0 | 0.0 |                     0.0 | 0.0 |                     0.0 |                    0.0 | 0.0 | 0.0 | 0.0 | 0.0 | 0.0 |                    0.0 |                     0.0 | 0.0 |                    0.0 | 0.0 |                     0.0 |                    0.0 | 0.0 |                     0.0 | 0.0 |                     0.0 |                     0.0 | 0.0 |                     0.0 | 0.0 | 0.0 | 0.0 | 0.0 | 0.0 | 0.0 | 0.0 | 0.0 | 0.0 | 0.0 | 0.0 | 0.0 | 0.0 | 0.0 | 0.0 | 0.0 | 0.0 | 0.0 | 0.0 | 0.0 |
|      VER J2018+367.spectral.index |   0.0001735667296152236 | 0.0 | 0.0 |   3.355322135381456e-16 | 0.0 |   -0.007453435788819017 |  0.0008374460559220365 | 0.0 | 0.0 | 0.0 | 0.0 | 0.0 | -8.199087001192255e-06 |    1.13562947045298e-16 | 0.0 |  9.412913267388583e-05 | 0.0 |    0.009608051783046799 | 2.0918532287373777e-15 | 0.0 | -0.00026166406839277505 | 0.0 |  0.00029761062124216786 |  1.0835186276788973e-16 | 0.0 |   0.0001257287397883047 | 0.0 | 0.0 | 0.0 | 0.0 | 0.0 | 0.0 | 0.0 | 0.0 | 0.0 | 0.0 | 0.0 | 0.0 | 0.0 | 0.0 | 0.0 | 0.0 | 0.0 | 0.0 | 0.0 | 0.0 |
|  VER J2018+367.spectral.amplitude |  -7.945451094674856e-17 | 0.0 | 0.0 |  3.2049095884241653e-28 | 0.0 |  -7.085950259305109e-15 |  6.424263630782804e-16 | 0.0 | 0.0 | 0.0 | 0.0 | 0.0 |  6.591385544326108e-17 |   7.172327824213773e-29 | 0.0 |  8.868383375040069e-17 | 0.0 |  2.0918532287373777e-15 |  5.385982534032753e-27 | 0.0 |    2.75540580354784e-16 | 0.0 |  2.5818330193068375e-16 |   8.406914370336308e-29 | 0.0 |   9.874272324115668e-17 | 0.0 | 0.0 | 0.0 | 0.0 | 0.0 | 0.0 | 0.0 | 0.0 | 0.0 | 0.0 | 0.0 | 0.0 | 0.0 | 0.0 | 0.0 | 0.0 | 0.0 | 0.0 | 0.0 | 0.0 |
|  VER J2018+367.spectral.reference |                     0.0 | 0.0 | 0.0 |                     0.0 | 0.0 |                     0.0 |                    0.0 | 0.0 | 0.0 | 0.0 | 0.0 | 0.0 |                    0.0 |                     0.0 | 0.0 |                    0.0 | 0.0 |                     0.0 |                    0.0 | 0.0 |                     0.0 | 0.0 |                     0.0 |                     0.0 | 0.0 |                     0.0 | 0.0 | 0.0 | 0.0 | 0.0 | 0.0 | 0.0 | 0.0 | 0.0 | 0.0 | 0.0 | 0.0 | 0.0 | 0.0 | 0.0 | 0.0 | 0.0 | 0.0 | 0.0 | 0.0 | 0.0 |
|    VER J2018+367.spectral.lambda_ |  2.0387309696576252e-05 | 0.0 | 0.0 |  1.3402265801874035e-17 | 0.0 |  -0.0003745107081842596 | 0.00010566439607140588 | 0.0 | 0.0 | 0.0 | 0.0 | 0.0 | -3.120683499259762e-06 |  1.2331823181845737e-17 | 0.0 | 1.0103852364689317e-05 | 0.0 | -0.00026166406839277505 |   2.75540580354784e-16 | 0.0 |  0.00023168043786124683 | 0.0 |   2.948461407131787e-05 |  1.2408086616841175e-17 | 0.0 |  1.4056657718087815e-05 | 0.0 | 0.0 | 0.0 | 0.0 | 0.0 | 0.0 | 0.0 | 0.0 | 0.0 | 0.0 | 0.0 | 0.0 | 0.0 | 0.0 | 0.0 | 0.0 | 0.0 | 0.0 | 0.0 | 0.0 |
|      VER J2018+367.spectral.alpha |                     0.0 | 0.0 | 0.0 |                     0.0 | 0.0 |                     0.0 |                    0.0 | 0.0 | 0.0 | 0.0 | 0.0 | 0.0 |                    0.0 |                     0.0 | 0.0 |                    0.0 | 0.0 |                     0.0 |                    0.0 | 0.0 |                     0.0 | 0.0 |                     0.0 |                     0.0 | 0.0 |                     0.0 | 0.0 | 0.0 | 0.0 | 0.0 | 0.0 | 0.0 | 0.0 | 0.0 | 0.0 | 0.0 | 0.0 | 0.0 | 0.0 | 0.0 | 0.0 | 0.0 | 0.0 | 0.0 | 0.0 | 0.0 |
|      VER J2016+371.spectral.index |    6.42637761311114e-05 | 0.0 | 0.0 |   9.893239415736472e-18 | 0.0 | -0.00037811808956132167 | 0.00041623079163745895 | 0.0 | 0.0 | 0.0 | 0.0 | 0.0 | -3.683717332876429e-05 |   4.488527351481135e-17 | 0.0 |  4.020974174383602e-05 | 0.0 |  0.00029761062124216786 | 2.5818330193068375e-16 | 0.0 |   2.948461407131787e-05 | 0.0 |     0.01113085871674096 |  1.2676605474463861e-15 | 0.0 | -0.00039962682841763824 | 0.0 | 0.0 | 0.0 | 0.0 | 0.0 | 0.0 | 0.0 | 0.0 | 0.0 | 0.0 | 0.0 | 0.0 | 0.0 | 0.0 | 0.0 | 0.0 | 0.0 | 0.0 | 0.0 | 0.0 |
|  VER J2016+371.spectral.amplitude | -4.7996866645403205e-17 | 0.0 | 0.0 |    5.77516014947026e-29 | 0.0 | -1.2941275604465334e-15 | 1.3834688024282163e-16 | 0.0 | 0.0 | 0.0 | 0.0 | 0.0 |  7.334594685074791e-18 |   1.864440640877666e-29 | 0.0 |  1.678093787909079e-17 | 0.0 |  1.0835186276788973e-16 |  8.406914370336308e-29 | 0.0 |  1.2408086616841175e-17 | 0.0 |  1.2676605474463861e-15 |   2.167848121108341e-27 | 0.0 |  1.8624557458339953e-16 | 0.0 | 0.0 | 0.0 | 0.0 | 0.0 | 0.0 | 0.0 | 0.0 | 0.0 | 0.0 | 0.0 | 0.0 | 0.0 | 0.0 | 0.0 | 0.0 | 0.0 | 0.0 | 0.0 | 0.0 |
|  VER J2016+371.spectral.reference |                     0.0 | 0.0 | 0.0 |                     0.0 | 0.0 |                     0.0 |                    0.0 | 0.0 | 0.0 | 0.0 | 0.0 | 0.0 |                    0.0 |                     0.0 | 0.0 |                    0.0 | 0.0 |                     0.0 |                    0.0 | 0.0 |                     0.0 | 0.0 |                     0.0 |                     0.0 | 0.0 |                     0.0 | 0.0 | 0.0 | 0.0 | 0.0 | 0.0 | 0.0 | 0.0 | 0.0 | 0.0 | 0.0 | 0.0 | 0.0 | 0.0 | 0.0 | 0.0 | 0.0 | 0.0 | 0.0 | 0.0 | 0.0 |
|    VER J2016+371.spectral.lambda_ |   3.643283785712129e-05 | 0.0 | 0.0 |  4.2693595963662224e-17 | 0.0 |  -0.0010421315795105643 | 0.00017033024613525983 | 0.0 | 0.0 | 0.0 | 0.0 | 0.0 |  8.557094798868895e-06 |  2.1794133926509985e-17 | 0.0 |  2.006086280131151e-05 | 0.0 |   0.0001257287397883047 |  9.874272324115668e-17 | 0.0 |  1.4056657718087815e-05 | 0.0 | -0.00039962682841763824 |  1.8624557458339953e-16 | 0.0 |   0.0003598682521853927 | 0.0 | 0.0 | 0.0 | 0.0 | 0.0 | 0.0 | 0.0 | 0.0 | 0.0 | 0.0 | 0.0 | 0.0 | 0.0 | 0.0 | 0.0 | 0.0 | 0.0 | 0.0 | 0.0 | 0.0 |
|      VER J2016+371.spectral.alpha |                     0.0 | 0.0 | 0.0 |                     0.0 | 0.0 |                     0.0 |                    0.0 | 0.0 | 0.0 | 0.0 | 0.0 | 0.0 |                    0.0 |                     0.0 | 0.0 |                    0.0 | 0.0 |                     0.0 |                    0.0 | 0.0 |                     0.0 | 0.0 |                     0.0 |                     0.0 | 0.0 |                     0.0 | 0.0 | 0.0 | 0.0 | 0.0 | 0.0 | 0.0 | 0.0 | 0.0 | 0.0 | 0.0 | 0.0 | 0.0 | 0.0 | 0.0 | 0.0 | 0.0 | 0.0 | 0.0 | 0.0 | 0.0 |
|      3HWC J2010+345.spectral.norm |                     0.0 | 0.0 | 0.0 |                     0.0 | 0.0 |                     0.0 |                    0.0 | 0.0 | 0.0 | 0.0 | 0.0 | 0.0 |                    0.0 |                     0.0 | 0.0 |                    0.0 | 0.0 |                     0.0 |                    0.0 | 0.0 |                     0.0 | 0.0 |                     0.0 |                     0.0 | 0.0 |                     0.0 | 0.0 | 0.0 | 0.0 | 0.0 | 0.0 | 0.0 | 0.0 | 0.0 | 0.0 | 0.0 | 0.0 | 0.0 | 0.0 | 0.0 | 0.0 | 0.0 | 0.0 | 0.0 | 0.0 | 0.0 |
|      3HWC J2010+345.spatial.lon_0 |                     0.0 | 0.0 | 0.0 |                     0.0 | 0.0 |                     0.0 |                    0.0 | 0.0 | 0.0 | 0.0 | 0.0 | 0.0 |                    0.0 |                     0.0 | 0.0 |                    0.0 | 0.0 |                     0.0 |                    0.0 | 0.0 |                     0.0 | 0.0 |                     0.0 |                     0.0 | 0.0 |                     0.0 | 0.0 | 0.0 | 0.0 | 0.0 | 0.0 | 0.0 | 0.0 | 0.0 | 0.0 | 0.0 | 0.0 | 0.0 | 0.0 | 0.0 | 0.0 | 0.0 | 0.0 | 0.0 | 0.0 | 0.0 |
|      3HWC J2010+345.spatial.lat_0 |                     0.0 | 0.0 | 0.0 |                     0.0 | 0.0 |                     0.0 |                    0.0 | 0.0 | 0.0 | 0.0 | 0.0 | 0.0 |                    0.0 |                     0.0 | 0.0 |                    0.0 | 0.0 |                     0.0 |                    0.0 | 0.0 |                     0.0 | 0.0 |                     0.0 |                     0.0 | 0.0 |                     0.0 | 0.0 | 0.0 | 0.0 | 0.0 | 0.0 | 0.0 | 0.0 | 0.0 | 0.0 | 0.0 | 0.0 | 0.0 | 0.0 | 0.0 | 0.0 | 0.0 | 0.0 | 0.0 | 0.0 | 0.0 |
|      3HWC J2006+340.spectral.norm |                     0.0 | 0.0 | 0.0 |                     0.0 | 0.0 |                     0.0 |                    0.0 | 0.0 | 0.0 | 0.0 | 0.0 | 0.0 |                    0.0 |                     0.0 | 0.0 |                    0.0 | 0.0 |                     0.0 |                    0.0 | 0.0 |                     0.0 | 0.0 |                     0.0 |                     0.0 | 0.0 |                     0.0 | 0.0 | 0.0 | 0.0 | 0.0 | 0.0 | 0.0 | 0.0 | 0.0 | 0.0 | 0.0 | 0.0 | 0.0 | 0.0 | 0.0 | 0.0 | 0.0 | 0.0 | 0.0 | 0.0 | 0.0 |
|      3HWC J2006+340.spatial.lon_0 |                     0.0 | 0.0 | 0.0 |                     0.0 | 0.0 |                     0.0 |                    0.0 | 0.0 | 0.0 | 0.0 | 0.0 | 0.0 |                    0.0 |                     0.0 | 0.0 |                    0.0 | 0.0 |                     0.0 |                    0.0 | 0.0 |                     0.0 | 0.0 |                     0.0 |                     0.0 | 0.0 |                     0.0 | 0.0 | 0.0 | 0.0 | 0.0 | 0.0 | 0.0 | 0.0 | 0.0 | 0.0 | 0.0 | 0.0 | 0.0 | 0.0 | 0.0 | 0.0 | 0.0 | 0.0 | 0.0 | 0.0 | 0.0 |
|      3HWC J2006+340.spatial.lat_0 |                     0.0 | 0.0 | 0.0 |                     0.0 | 0.0 |                     0.0 |                    0.0 | 0.0 | 0.0 | 0.0 | 0.0 | 0.0 |                    0.0 |                     0.0 | 0.0 |                    0.0 | 0.0 |                     0.0 |                    0.0 | 0.0 |                     0.0 | 0.0 |                     0.0 |                     0.0 | 0.0 |                     0.0 | 0.0 | 0.0 | 0.0 | 0.0 | 0.0 | 0.0 | 0.0 | 0.0 | 0.0 | 0.0 | 0.0 | 0.0 | 0.0 | 0.0 | 0.0 | 0.0 | 0.0 | 0.0 | 0.0 | 0.0 |
|      3HWC J2005+311.spectral.norm |                     0.0 | 0.0 | 0.0 |                     0.0 | 0.0 |                     0.0 |                    0.0 | 0.0 | 0.0 | 0.0 | 0.0 | 0.0 |                    0.0 |                     0.0 | 0.0 |                    0.0 | 0.0 |                     0.0 |                    0.0 | 0.0 |                     0.0 | 0.0 |                     0.0 |                     0.0 | 0.0 |                     0.0 | 0.0 | 0.0 | 0.0 | 0.0 | 0.0 | 0.0 | 0.0 | 0.0 | 0.0 | 0.0 | 0.0 | 0.0 | 0.0 | 0.0 | 0.0 | 0.0 | 0.0 | 0.0 | 0.0 | 0.0 |
|      3HWC J2005+311.spatial.lon_0 |                     0.0 | 0.0 | 0.0 |                     0.0 | 0.0 |                     0.0 |                    0.0 | 0.0 | 0.0 | 0.0 | 0.0 | 0.0 |                    0.0 |                     0.0 | 0.0 |                    0.0 | 0.0 |                     0.0 |                    0.0 | 0.0 |                     0.0 | 0.0 |                     0.0 |                     0.0 | 0.0 |                     0.0 | 0.0 | 0.0 | 0.0 | 0.0 | 0.0 | 0.0 | 0.0 | 0.0 | 0.0 | 0.0 | 0.0 | 0.0 | 0.0 | 0.0 | 0.0 | 0.0 | 0.0 | 0.0 | 0.0 | 0.0 |
|      3HWC J2005+311.spatial.lat_0 |                     0.0 | 0.0 | 0.0 |                     0.0 | 0.0 |                     0.0 |                    0.0 | 0.0 | 0.0 | 0.0 | 0.0 | 0.0 |                    0.0 |                     0.0 | 0.0 |                    0.0 | 0.0 |                     0.0 |                    0.0 | 0.0 |                     0.0 | 0.0 |                     0.0 |                     0.0 | 0.0 |                     0.0 | 0.0 | 0.0 | 0.0 | 0.0 | 0.0 | 0.0 | 0.0 | 0.0 | 0.0 | 0.0 | 0.0 | 0.0 | 0.0 | 0.0 | 0.0 | 0.0 | 0.0 | 0.0 | 0.0 | 0.0 |
|      3HWC J2023+324.spectral.norm |                     0.0 | 0.0 | 0.0 |                     0.0 | 0.0 |                     0.0 |                    0.0 | 0.0 | 0.0 | 0.0 | 0.0 | 0.0 |                    0.0 |                     0.0 | 0.0 |                    0.0 | 0.0 |                     0.0 |                    0.0 | 0.0 |                     0.0 | 0.0 |                     0.0 |                     0.0 | 0.0 |                     0.0 | 0.0 | 0.0 | 0.0 | 0.0 | 0.0 | 0.0 | 0.0 | 0.0 | 0.0 | 0.0 | 0.0 | 0.0 | 0.0 | 0.0 | 0.0 | 0.0 | 0.0 | 0.0 | 0.0 | 0.0 |
|      3HWC J2023+324.spatial.lon_0 |                     0.0 | 0.0 | 0.0 |                     0.0 | 0.0 |                     0.0 |                    0.0 | 0.0 | 0.0 | 0.0 | 0.0 | 0.0 |                    0.0 |                     0.0 | 0.0 |                    0.0 | 0.0 |                     0.0 |                    0.0 | 0.0 |                     0.0 | 0.0 |                     0.0 |                     0.0 | 0.0 |                     0.0 | 0.0 | 0.0 | 0.0 | 0.0 | 0.0 | 0.0 | 0.0 | 0.0 | 0.0 | 0.0 | 0.0 | 0.0 | 0.0 | 0.0 | 0.0 | 0.0 | 0.0 | 0.0 | 0.0 | 0.0 |
|      3HWC J2023+324.spatial.lat_0 |                     0.0 | 0.0 | 0.0 |                     0.0 | 0.0 |                     0.0 |                    0.0 | 0.0 | 0.0 | 0.0 | 0.0 | 0.0 |                    0.0 |                     0.0 | 0.0 |                    0.0 | 0.0 |                     0.0 |                    0.0 | 0.0 |                     0.0 | 0.0 |                     0.0 |                     0.0 | 0.0 |                     0.0 | 0.0 | 0.0 | 0.0 | 0.0 | 0.0 | 0.0 | 0.0 | 0.0 | 0.0 | 0.0 | 0.0 | 0.0 | 0.0 | 0.0 | 0.0 | 0.0 | 0.0 | 0.0 | 0.0 | 0.0 |
|        3HWC J2023+324.spatial.r_0 |                     0.0 | 0.0 | 0.0 |                     0.0 | 0.0 |                     0.0 |                    0.0 | 0.0 | 0.0 | 0.0 | 0.0 | 0.0 |                    0.0 |                     0.0 | 0.0 |                    0.0 | 0.0 |                     0.0 |                    0.0 | 0.0 |                     0.0 | 0.0 |                     0.0 |                     0.0 | 0.0 |                     0.0 | 0.0 | 0.0 | 0.0 | 0.0 | 0.0 | 0.0 | 0.0 | 0.0 | 0.0 | 0.0 | 0.0 | 0.0 | 0.0 | 0.0 | 0.0 | 0.0 | 0.0 | 0.0 | 0.0 | 0.0 |
|          3HWC J2023+324.spatial.e |                     0.0 | 0.0 | 0.0 |                     0.0 | 0.0 |                     0.0 |                    0.0 | 0.0 | 0.0 | 0.0 | 0.0 | 0.0 |                    0.0 |                     0.0 | 0.0 |                    0.0 | 0.0 |                     0.0 |                    0.0 | 0.0 |                     0.0 | 0.0 |                     0.0 |                     0.0 | 0.0 |                     0.0 | 0.0 | 0.0 | 0.0 | 0.0 | 0.0 | 0.0 | 0.0 | 0.0 | 0.0 | 0.0 | 0.0 | 0.0 | 0.0 | 0.0 | 0.0 | 0.0 | 0.0 | 0.0 | 0.0 | 0.0 |
|        3HWC J2023+324.spatial.phi |                     0.0 | 0.0 | 0.0 |                     0.0 | 0.0 |                     0.0 |                    0.0 | 0.0 | 0.0 | 0.0 | 0.0 | 0.0 |                    0.0 |                     0.0 | 0.0 |                    0.0 | 0.0 |                     0.0 |                    0.0 | 0.0 |                     0.0 | 0.0 |                     0.0 |                     0.0 | 0.0 |                     0.0 | 0.0 | 0.0 | 0.0 | 0.0 | 0.0 | 0.0 | 0.0 | 0.0 | 0.0 | 0.0 | 0.0 | 0.0 | 0.0 | 0.0 | 0.0 | 0.0 | 0.0 | 0.0 | 0.0 | 0.0 |
| 3HWC J2023+324.spatial.edge_width |                     0.0 | 0.0 | 0.0 |                     0.0 | 0.0 |                     0.0 |                    0.0 | 0.0 | 0.0 | 0.0 | 0.0 | 0.0 |                    0.0 |                     0.0 | 0.0 |                    0.0 | 0.0 |                     0.0 |                    0.0 | 0.0 |                     0.0 | 0.0 |                     0.0 |                     0.0 | 0.0 |                     0.0 | 0.0 | 0.0 | 0.0 | 0.0 | 0.0 | 0.0 | 0.0 | 0.0 | 0.0 | 0.0 | 0.0 | 0.0 | 0.0 | 0.0 | 0.0 | 0.0 | 0.0 | 0.0 | 0.0 | 0.0 |
|      3HWC J1951+293.spectral.norm |                     0.0 | 0.0 | 0.0 |                     0.0 | 0.0 |                     0.0 |                    0.0 | 0.0 | 0.0 | 0.0 | 0.0 | 0.0 |                    0.0 |                     0.0 | 0.0 |                    0.0 | 0.0 |                     0.0 |                    0.0 | 0.0 |                     0.0 | 0.0 |                     0.0 |                     0.0 | 0.0 |                     0.0 | 0.0 | 0.0 | 0.0 | 0.0 | 0.0 | 0.0 | 0.0 | 0.0 | 0.0 | 0.0 | 0.0 | 0.0 | 0.0 | 0.0 | 0.0 | 0.0 | 0.0 | 0.0 | 0.0 | 0.0 |
|      3HWC J1951+293.spatial.lon_0 |                     0.0 | 0.0 | 0.0 |                     0.0 | 0.0 |                     0.0 |                    0.0 | 0.0 | 0.0 | 0.0 | 0.0 | 0.0 |                    0.0 |                     0.0 | 0.0 |                    0.0 | 0.0 |                     0.0 |                    0.0 | 0.0 |                     0.0 | 0.0 |                     0.0 |                     0.0 | 0.0 |                     0.0 | 0.0 | 0.0 | 0.0 | 0.0 | 0.0 | 0.0 | 0.0 | 0.0 | 0.0 | 0.0 | 0.0 | 0.0 | 0.0 | 0.0 | 0.0 | 0.0 | 0.0 | 0.0 | 0.0 | 0.0 |
|      3HWC J1951+293.spatial.lat_0 |                     0.0 | 0.0 | 0.0 |                     0.0 | 0.0 |                     0.0 |                    0.0 | 0.0 | 0.0 | 0.0 | 0.0 | 0.0 |                    0.0 |                     0.0 | 0.0 |                    0.0 | 0.0 |                     0.0 |                    0.0 | 0.0 |                     0.0 | 0.0 |                     0.0 |                     0.0 | 0.0 |                     0.0 | 0.0 | 0.0 | 0.0 | 0.0 | 0.0 | 0.0 | 0.0 | 0.0 | 0.0 | 0.0 | 0.0 | 0.0 | 0.0 | 0.0 | 0.0 | 0.0 | 0.0 | 0.0 | 0.0 | 0.0 |
