|                           Parameters |                       0 |                       1 |   2 |   3 |                       4 |                       5 |                       6 |   7 |                       8 |                       9 |  10 |                      11 |  12 |                      13 |                     14 |  15 |                      16 |  17 |                     18 |                      19 |  20 |                      21 |  22 |  23 |  24 |  25 |  26 |  27 |  28 |  29 |  30 |  31 |  32 |  33 |  34 |  35 |  36 |  37 |  38 |  39 |
|     cygnus_background.spectral.index |      0.6107263335942256 | -3.8992642947671565e-13 | 0.0 | 0.0 |    0.010223396200901146 |       0.292051665642659 |    -0.02447967412547838 | 0.0 |    -0.18355068428847054 |  -1.797815447886821e-14 | 0.0 |     0.02774220165521343 | 0.0 |     0.16845947638283948 |  1.535334080639058e-14 | 0.0 |   -0.005373130072181237 | 0.0 |   0.021935767793596416 |  1.3926631215001179e-15 | 0.0 |  -0.0030362071035198064 | 0.0 | 0.0 | 0.0 | 0.0 | 0.0 | 0.0 | 0.0 | 0.0 | 0.0 | 0.0 | 0.0 | 0.0 | 0.0 | 0.0 | 0.0 | 0.0 | 0.0 | 0.0 |
| cygnus_background.spectral.amplitude | -3.8992642947671565e-13 |   2.529651424336424e-25 | 0.0 | 0.0 |  -5.892636563830831e-15 | -1.8216874784166736e-13 |  1.2296538438039353e-14 | 0.0 |  1.1686439052720372e-13 |  1.1647049779329081e-26 | 0.0 |  -1.749342122565965e-14 | 0.0 | -1.0498299530003631e-13 | -9.493068281599689e-27 | 0.0 |  3.3594342049041702e-15 | 0.0 | -1.337015830707102e-14 | -1.6010821245335913e-28 | 0.0 |  2.0187688917162817e-15 | 0.0 | 0.0 | 0.0 | 0.0 | 0.0 | 0.0 | 0.0 | 0.0 | 0.0 | 0.0 | 0.0 | 0.0 | 0.0 | 0.0 | 0.0 | 0.0 | 0.0 | 0.0 |
| cygnus_background.spectral.reference |                     0.0 |                     0.0 | 0.0 | 0.0 |                     0.0 |                     0.0 |                     0.0 | 0.0 |                     0.0 |                     0.0 | 0.0 |                     0.0 | 0.0 |                     0.0 |                    0.0 | 0.0 |                     0.0 | 0.0 |                    0.0 |                     0.0 | 0.0 |                     0.0 | 0.0 | 0.0 | 0.0 | 0.0 | 0.0 | 0.0 | 0.0 | 0.0 | 0.0 | 0.0 | 0.0 | 0.0 | 0.0 | 0.0 | 0.0 | 0.0 | 0.0 | 0.0 |
|      cygnus_background.spatial.lon_0 |                     0.0 |                     0.0 | 0.0 | 0.0 |                     0.0 |                     0.0 |                     0.0 | 0.0 |                     0.0 |                     0.0 | 0.0 |                     0.0 | 0.0 |                     0.0 |                    0.0 | 0.0 |                     0.0 | 0.0 |                    0.0 |                     0.0 | 0.0 |                     0.0 | 0.0 | 0.0 | 0.0 | 0.0 | 0.0 | 0.0 | 0.0 | 0.0 | 0.0 | 0.0 | 0.0 | 0.0 | 0.0 | 0.0 | 0.0 | 0.0 | 0.0 | 0.0 |
|      cygnus_background.spatial.lat_0 |    0.010223396200901146 |  -5.892636563830831e-15 | 0.0 | 0.0 |   0.0021766271427845615 |    0.004818954721339638 |  -0.0015697741883115963 | 0.0 |   -0.002957510760449557 |  -2.046674322246056e-16 | 0.0 |   0.0005309669522788184 | 0.0 |    0.003986080230223249 | -6.513143160464286e-16 | 0.0 | -0.00029834095426358104 | 0.0 |  0.0017654487191282621 |   1.262484277164976e-16 | 0.0 | -0.00023121026242876405 | 0.0 | 0.0 | 0.0 | 0.0 | 0.0 | 0.0 | 0.0 | 0.0 | 0.0 | 0.0 | 0.0 | 0.0 | 0.0 | 0.0 | 0.0 | 0.0 | 0.0 | 0.0 |
|      cygnus_background.spatial.sigma |       0.292051665642659 | -1.8216874784166736e-13 | 0.0 | 0.0 |    0.004818954721339638 |      0.1455473543464666 |   -0.015967365441185627 | 0.0 |    -0.08795942849893798 |  -8.417223204467159e-15 | 0.0 |    0.013505442339311538 | 0.0 |     0.08270466503013718 |   8.66813919484102e-15 | 0.0 |  -0.0024505476911530584 | 0.0 |    0.01088647958399354 |   1.613886752769769e-15 | 0.0 |  -0.0013097143150961029 | 0.0 | 0.0 | 0.0 | 0.0 | 0.0 | 0.0 | 0.0 | 0.0 | 0.0 | 0.0 | 0.0 | 0.0 | 0.0 | 0.0 | 0.0 | 0.0 | 0.0 | 0.0 |
|          cygnus_background.spatial.e |    -0.02447967412547838 |  1.2296538438039353e-14 | 0.0 | 0.0 |  -0.0015697741883115963 |   -0.015967365441185627 |    0.010577185315550812 | 0.0 |    0.009013265478281922 |   5.559769503483778e-16 | 0.0 |   -0.001621354978654452 | 0.0 |   -0.012529627879620251 | -2.473547481307231e-15 | 0.0 |   0.0005788289328258151 | 0.0 |  0.0008046565134895729 |  -1.141241705041783e-15 | 0.0 | -0.00047573936652099084 | 0.0 | 0.0 | 0.0 | 0.0 | 0.0 | 0.0 | 0.0 | 0.0 | 0.0 | 0.0 | 0.0 | 0.0 | 0.0 | 0.0 | 0.0 | 0.0 | 0.0 | 0.0 |
|        cygnus_background.spatial.phi |                     0.0 |                     0.0 | 0.0 | 0.0 |                     0.0 |                     0.0 |                     0.0 | 0.0 |                     0.0 |                     0.0 | 0.0 |                     0.0 | 0.0 |                     0.0 |                    0.0 | 0.0 |                     0.0 | 0.0 |                    0.0 |                     0.0 | 0.0 |                     0.0 | 0.0 | 0.0 | 0.0 | 0.0 | 0.0 | 0.0 | 0.0 | 0.0 | 0.0 | 0.0 | 0.0 | 0.0 | 0.0 | 0.0 | 0.0 | 0.0 | 0.0 | 0.0 |
|         VER J2020+368.spectral.index |    -0.18355068428847054 |  1.1686439052720372e-13 | 0.0 | 0.0 |   -0.002957510760449557 |    -0.08795942849893798 |    0.009013265478281922 | 0.0 |     0.06409591463162437 |    6.30532223122983e-15 | 0.0 |   -0.008572528308688869 | 0.0 |    -0.05367926169073446 | -9.143705582545807e-15 | 0.0 |    0.001700030769190996 | 0.0 |   0.011222924194616297 | -2.1469159945996658e-16 | 0.0 |  -0.0014974351831010524 | 0.0 | 0.0 | 0.0 | 0.0 | 0.0 | 0.0 | 0.0 | 0.0 | 0.0 | 0.0 | 0.0 | 0.0 | 0.0 | 0.0 | 0.0 | 0.0 | 0.0 | 0.0 |
|     VER J2020+368.spectral.amplitude |  -1.797815447886821e-14 |  1.1647049779329081e-26 | 0.0 | 0.0 |  -2.046674322246056e-16 |  -8.417223204467159e-15 |   5.559769503483778e-16 | 0.0 |    6.30532223122983e-15 |   1.921073245019068e-27 | 0.0 |   9.841970565423364e-17 | 0.0 |  -4.845055607568892e-15 | -5.250670966860518e-28 | 0.0 |   1.145865787065994e-16 | 0.0 | 1.3135693529115646e-15 |  -7.951378366976164e-29 | 0.0 | -1.5858067424281465e-16 | 0.0 | 0.0 | 0.0 | 0.0 | 0.0 | 0.0 | 0.0 | 0.0 | 0.0 | 0.0 | 0.0 | 0.0 | 0.0 | 0.0 | 0.0 | 0.0 | 0.0 | 0.0 |
|     VER J2020+368.spectral.reference |                     0.0 |                     0.0 | 0.0 | 0.0 |                     0.0 |                     0.0 |                     0.0 | 0.0 |                     0.0 |                     0.0 | 0.0 |                     0.0 | 0.0 |                     0.0 |                    0.0 | 0.0 |                     0.0 | 0.0 |                    0.0 |                     0.0 | 0.0 |                     0.0 | 0.0 | 0.0 | 0.0 | 0.0 | 0.0 | 0.0 | 0.0 | 0.0 | 0.0 | 0.0 | 0.0 | 0.0 | 0.0 | 0.0 | 0.0 | 0.0 | 0.0 | 0.0 |
|       VER J2020+368.spectral.lambda_ |     0.02774220165521343 |  -1.749342122565965e-14 | 0.0 | 0.0 |   0.0005309669522788184 |    0.013505442339311538 |   -0.001621354978654452 | 0.0 |   -0.008572528308688869 |   9.841970565423364e-17 | 0.0 |   0.0020466626840559663 | 0.0 |    0.008343109481280198 | 1.6321897023313256e-15 | 0.0 | -0.00025995719503817756 | 0.0 | -0.0010805907994750447 |  -1.118402109312422e-17 | 0.0 |  0.00017503217391874658 | 0.0 | 0.0 | 0.0 | 0.0 | 0.0 | 0.0 | 0.0 | 0.0 | 0.0 | 0.0 | 0.0 | 0.0 | 0.0 | 0.0 | 0.0 | 0.0 | 0.0 | 0.0 |
|         VER J2020+368.spectral.alpha |                     0.0 |                     0.0 | 0.0 | 0.0 |                     0.0 |                     0.0 |                     0.0 | 0.0 |                     0.0 |                     0.0 | 0.0 |                     0.0 | 0.0 |                     0.0 |                    0.0 | 0.0 |                     0.0 | 0.0 |                    0.0 |                     0.0 | 0.0 |                     0.0 | 0.0 | 0.0 | 0.0 | 0.0 | 0.0 | 0.0 | 0.0 | 0.0 | 0.0 | 0.0 | 0.0 | 0.0 | 0.0 | 0.0 | 0.0 | 0.0 | 0.0 | 0.0 |
|         VER J2018+367.spectral.index |     0.16845947638283948 | -1.0498299530003631e-13 | 0.0 | 0.0 |    0.003986080230223249 |     0.08270466503013718 |   -0.012529627879620251 | 0.0 |    -0.05367926169073446 |  -4.845055607568892e-15 | 0.0 |    0.008343109481280198 | 0.0 |    0.058421263415844145 |  4.420941360954039e-15 | 0.0 |  -0.0028379398196898948 | 0.0 |   0.008345939150449186 |  1.3770865189989512e-15 | 0.0 |  -0.0009224985542937627 | 0.0 | 0.0 | 0.0 | 0.0 | 0.0 | 0.0 | 0.0 | 0.0 | 0.0 | 0.0 | 0.0 | 0.0 | 0.0 | 0.0 | 0.0 | 0.0 | 0.0 | 0.0 |
|     VER J2018+367.spectral.amplitude |   1.535334080639058e-14 |  -9.493068281599689e-27 | 0.0 | 0.0 |  -6.513143160464286e-16 |    8.66813919484102e-15 |  -2.473547481307231e-15 | 0.0 |  -9.143705582545807e-15 |  -5.250670966860518e-28 | 0.0 |  1.6321897023313256e-15 | 0.0 |   4.420941360954039e-15 | 1.6661895392579586e-26 | 0.0 |  1.2781362473468823e-15 | 0.0 | -1.937473490398698e-15 |   1.819256280888863e-28 | 0.0 |   2.890159178142895e-16 | 0.0 | 0.0 | 0.0 | 0.0 | 0.0 | 0.0 | 0.0 | 0.0 | 0.0 | 0.0 | 0.0 | 0.0 | 0.0 | 0.0 | 0.0 | 0.0 | 0.0 | 0.0 |
|     VER J2018+367.spectral.reference |                     0.0 |                     0.0 | 0.0 | 0.0 |                     0.0 |                     0.0 |                     0.0 | 0.0 |                     0.0 |                     0.0 | 0.0 |                     0.0 | 0.0 |                     0.0 |                    0.0 | 0.0 |                     0.0 | 0.0 |                    0.0 |                     0.0 | 0.0 |                     0.0 | 0.0 | 0.0 | 0.0 | 0.0 | 0.0 | 0.0 | 0.0 | 0.0 | 0.0 | 0.0 | 0.0 | 0.0 | 0.0 | 0.0 | 0.0 | 0.0 | 0.0 | 0.0 |
|       VER J2018+367.spectral.lambda_ |   -0.005373130072181237 |  3.3594342049041702e-15 | 0.0 | 0.0 | -0.00029834095426358104 |  -0.0024505476911530584 |   0.0005788289328258151 | 0.0 |    0.001700030769190996 |   1.145865787065994e-16 | 0.0 | -0.00025995719503817756 | 0.0 |  -0.0028379398196898948 | 1.2781362473468823e-15 | 0.0 |  0.00034422400713582184 | 0.0 | -0.0006642516594661197 |  -7.861464042159342e-17 | 0.0 |   7.430467218773815e-05 | 0.0 | 0.0 | 0.0 | 0.0 | 0.0 | 0.0 | 0.0 | 0.0 | 0.0 | 0.0 | 0.0 | 0.0 | 0.0 | 0.0 | 0.0 | 0.0 | 0.0 | 0.0 |
|         VER J2018+367.spectral.alpha |                     0.0 |                     0.0 | 0.0 | 0.0 |                     0.0 |                     0.0 |                     0.0 | 0.0 |                     0.0 |                     0.0 | 0.0 |                     0.0 | 0.0 |                     0.0 |                    0.0 | 0.0 |                     0.0 | 0.0 |                    0.0 |                     0.0 | 0.0 |                     0.0 | 0.0 | 0.0 | 0.0 | 0.0 | 0.0 | 0.0 | 0.0 | 0.0 | 0.0 | 0.0 | 0.0 | 0.0 | 0.0 | 0.0 | 0.0 | 0.0 | 0.0 | 0.0 |
|         VER J2016+371.spectral.index |    0.021935767793596416 |  -1.337015830707102e-14 | 0.0 | 0.0 |   0.0017654487191282621 |     0.01088647958399354 |   0.0008046565134895729 | 0.0 |    0.011222924194616297 |  1.3135693529115646e-15 | 0.0 |  -0.0010805907994750447 | 0.0 |    0.008345939150449186 | -1.937473490398698e-15 | 0.0 |  -0.0006642516594661197 | 0.0 |    0.19808466651954756 |  -7.433502133443021e-16 | 0.0 |    -0.02533980049289042 | 0.0 | 0.0 | 0.0 | 0.0 | 0.0 | 0.0 | 0.0 | 0.0 | 0.0 | 0.0 | 0.0 | 0.0 | 0.0 | 0.0 | 0.0 | 0.0 | 0.0 | 0.0 |
|     VER J2016+371.spectral.amplitude |  1.3926631215001179e-15 | -1.6010821245335913e-28 | 0.0 | 0.0 |   1.262484277164976e-16 |   1.613886752769769e-15 |  -1.141241705041783e-15 | 0.0 | -2.1469159945996658e-16 |  -7.951378366976164e-29 | 0.0 |  -1.118402109312422e-17 | 0.0 |  1.3770865189989512e-15 |  1.819256280888863e-28 | 0.0 |  -7.861464042159342e-17 | 0.0 | -7.433502133443021e-16 |    4.72446223066265e-27 | 0.0 |   7.578463305535059e-16 | 0.0 | 0.0 | 0.0 | 0.0 | 0.0 | 0.0 | 0.0 | 0.0 | 0.0 | 0.0 | 0.0 | 0.0 | 0.0 | 0.0 | 0.0 | 0.0 | 0.0 | 0.0 |
|     VER J2016+371.spectral.reference |                     0.0 |                     0.0 | 0.0 | 0.0 |                     0.0 |                     0.0 |                     0.0 | 0.0 |                     0.0 |                     0.0 | 0.0 |                     0.0 | 0.0 |                     0.0 |                    0.0 | 0.0 |                     0.0 | 0.0 |                    0.0 |                     0.0 | 0.0 |                     0.0 | 0.0 | 0.0 | 0.0 | 0.0 | 0.0 | 0.0 | 0.0 | 0.0 | 0.0 | 0.0 | 0.0 | 0.0 | 0.0 | 0.0 | 0.0 | 0.0 | 0.0 | 0.0 |
|       VER J2016+371.spectral.lambda_ |  -0.0030362071035198064 |  2.0187688917162817e-15 | 0.0 | 0.0 | -0.00023121026242876405 |  -0.0013097143150961029 | -0.00047573936652099084 | 0.0 |  -0.0014974351831010524 | -1.5858067424281465e-16 | 0.0 |  0.00017503217391874658 | 0.0 |  -0.0009224985542937627 |  2.890159178142895e-16 | 0.0 |   7.430467218773815e-05 | 0.0 |   -0.02533980049289042 |   7.578463305535059e-16 | 0.0 |    0.003693965372654295 | 0.0 | 0.0 | 0.0 | 0.0 | 0.0 | 0.0 | 0.0 | 0.0 | 0.0 | 0.0 | 0.0 | 0.0 | 0.0 | 0.0 | 0.0 | 0.0 | 0.0 | 0.0 |
|         VER J2016+371.spectral.alpha |                     0.0 |                     0.0 | 0.0 | 0.0 |                     0.0 |                     0.0 |                     0.0 | 0.0 |                     0.0 |                     0.0 | 0.0 |                     0.0 | 0.0 |                     0.0 |                    0.0 | 0.0 |                     0.0 | 0.0 |                    0.0 |                     0.0 | 0.0 |                     0.0 | 0.0 | 0.0 | 0.0 | 0.0 | 0.0 | 0.0 | 0.0 | 0.0 | 0.0 | 0.0 | 0.0 | 0.0 | 0.0 | 0.0 | 0.0 | 0.0 | 0.0 | 0.0 |
|          VER J2019+407.spectral.norm |                     0.0 |                     0.0 | 0.0 | 0.0 |                     0.0 |                     0.0 |                     0.0 | 0.0 |                     0.0 |                     0.0 | 0.0 |                     0.0 | 0.0 |                     0.0 |                    0.0 | 0.0 |                     0.0 | 0.0 |                    0.0 |                     0.0 | 0.0 |                     0.0 | 0.0 | 0.0 | 0.0 | 0.0 | 0.0 | 0.0 | 0.0 | 0.0 | 0.0 | 0.0 | 0.0 | 0.0 | 0.0 | 0.0 | 0.0 | 0.0 | 0.0 | 0.0 |
|         3HWC J2010+345.spectral.norm |                     0.0 |                     0.0 | 0.0 | 0.0 |                     0.0 |                     0.0 |                     0.0 | 0.0 |                     0.0 |                     0.0 | 0.0 |                     0.0 | 0.0 |                     0.0 |                    0.0 | 0.0 |                     0.0 | 0.0 |                    0.0 |                     0.0 | 0.0 |                     0.0 | 0.0 | 0.0 | 0.0 | 0.0 | 0.0 | 0.0 | 0.0 | 0.0 | 0.0 | 0.0 | 0.0 | 0.0 | 0.0 | 0.0 | 0.0 | 0.0 | 0.0 | 0.0 |
|         3HWC J2010+345.spatial.lon_0 |                     0.0 |                     0.0 | 0.0 | 0.0 |                     0.0 |                     0.0 |                     0.0 | 0.0 |                     0.0 |                     0.0 | 0.0 |                     0.0 | 0.0 |                     0.0 |                    0.0 | 0.0 |                     0.0 | 0.0 |                    0.0 |                     0.0 | 0.0 |                     0.0 | 0.0 | 0.0 | 0.0 | 0.0 | 0.0 | 0.0 | 0.0 | 0.0 | 0.0 | 0.0 | 0.0 | 0.0 | 0.0 | 0.0 | 0.0 | 0.0 | 0.0 | 0.0 |
|         3HWC J2010+345.spatial.lat_0 |                     0.0 |                     0.0 | 0.0 | 0.0 |                     0.0 |                     0.0 |                     0.0 | 0.0 |                     0.0 |                     0.0 | 0.0 |                     0.0 | 0.0 |                     0.0 |                    0.0 | 0.0 |                     0.0 | 0.0 |                    0.0 |                     0.0 | 0.0 |                     0.0 | 0.0 | 0.0 | 0.0 | 0.0 | 0.0 | 0.0 | 0.0 | 0.0 | 0.0 | 0.0 | 0.0 | 0.0 | 0.0 | 0.0 | 0.0 | 0.0 | 0.0 | 0.0 |
|         3HWC J2006+340.spectral.norm |                     0.0 |                     0.0 | 0.0 | 0.0 |                     0.0 |                     0.0 |                     0.0 | 0.0 |                     0.0 |                     0.0 | 0.0 |                     0.0 | 0.0 |                     0.0 |                    0.0 | 0.0 |                     0.0 | 0.0 |                    0.0 |                     0.0 | 0.0 |                     0.0 | 0.0 | 0.0 | 0.0 | 0.0 | 0.0 | 0.0 | 0.0 | 0.0 | 0.0 | 0.0 | 0.0 | 0.0 | 0.0 | 0.0 | 0.0 | 0.0 | 0.0 | 0.0 |
|         3HWC J2006+340.spatial.lon_0 |                     0.0 |                     0.0 | 0.0 | 0.0 |                     0.0 |                     0.0 |                     0.0 | 0.0 |                     0.0 |                     0.0 | 0.0 |                     0.0 | 0.0 |                     0.0 |                    0.0 | 0.0 |                     0.0 | 0.0 |                    0.0 |                     0.0 | 0.0 |                     0.0 | 0.0 | 0.0 | 0.0 | 0.0 | 0.0 | 0.0 | 0.0 | 0.0 | 0.0 | 0.0 | 0.0 | 0.0 | 0.0 | 0.0 | 0.0 | 0.0 | 0.0 | 0.0 |
|         3HWC J2006+340.spatial.lat_0 |                     0.0 |                     0.0 | 0.0 | 0.0 |                     0.0 |                     0.0 |                     0.0 | 0.0 |                     0.0 |                     0.0 | 0.0 |                     0.0 | 0.0 |                     0.0 |                    0.0 | 0.0 |                     0.0 | 0.0 |                    0.0 |                     0.0 | 0.0 |                     0.0 | 0.0 | 0.0 | 0.0 | 0.0 | 0.0 | 0.0 | 0.0 | 0.0 | 0.0 | 0.0 | 0.0 | 0.0 | 0.0 | 0.0 | 0.0 | 0.0 | 0.0 | 0.0 |
|         3HWC J2005+311.spectral.norm |                     0.0 |                     0.0 | 0.0 | 0.0 |                     0.0 |                     0.0 |                     0.0 | 0.0 |                     0.0 |                     0.0 | 0.0 |                     0.0 | 0.0 |                     0.0 |                    0.0 | 0.0 |                     0.0 | 0.0 |                    0.0 |                     0.0 | 0.0 |                     0.0 | 0.0 | 0.0 | 0.0 | 0.0 | 0.0 | 0.0 | 0.0 | 0.0 | 0.0 | 0.0 | 0.0 | 0.0 | 0.0 | 0.0 | 0.0 | 0.0 | 0.0 | 0.0 |
|         3HWC J2005+311.spatial.lon_0 |                     0.0 |                     0.0 | 0.0 | 0.0 |                     0.0 |                     0.0 |                     0.0 | 0.0 |                     0.0 |                     0.0 | 0.0 |                     0.0 | 0.0 |                     0.0 |                    0.0 | 0.0 |                     0.0 | 0.0 |                    0.0 |                     0.0 | 0.0 |                     0.0 | 0.0 | 0.0 | 0.0 | 0.0 | 0.0 | 0.0 | 0.0 | 0.0 | 0.0 | 0.0 | 0.0 | 0.0 | 0.0 | 0.0 | 0.0 | 0.0 | 0.0 | 0.0 |
|         3HWC J2005+311.spatial.lat_0 |                     0.0 |                     0.0 | 0.0 | 0.0 |                     0.0 |                     0.0 |                     0.0 | 0.0 |                     0.0 |                     0.0 | 0.0 |                     0.0 | 0.0 |                     0.0 |                    0.0 | 0.0 |                     0.0 | 0.0 |                    0.0 |                     0.0 | 0.0 |                     0.0 | 0.0 | 0.0 | 0.0 | 0.0 | 0.0 | 0.0 | 0.0 | 0.0 | 0.0 | 0.0 | 0.0 | 0.0 | 0.0 | 0.0 | 0.0 | 0.0 | 0.0 | 0.0 |
|         3HWC J2023+324.spectral.norm |                     0.0 |                     0.0 | 0.0 | 0.0 |                     0.0 |                     0.0 |                     0.0 | 0.0 |                     0.0 |                     0.0 | 0.0 |                     0.0 | 0.0 |                     0.0 |                    0.0 | 0.0 |                     0.0 | 0.0 |                    0.0 |                     0.0 | 0.0 |                     0.0 | 0.0 | 0.0 | 0.0 | 0.0 | 0.0 | 0.0 | 0.0 | 0.0 | 0.0 | 0.0 | 0.0 | 0.0 | 0.0 | 0.0 | 0.0 | 0.0 | 0.0 | 0.0 |
|         3HWC J2023+324.spatial.lon_0 |                     0.0 |                     0.0 | 0.0 | 0.0 |                     0.0 |                     0.0 |                     0.0 | 0.0 |                     0.0 |                     0.0 | 0.0 |                     0.0 | 0.0 |                     0.0 |                    0.0 | 0.0 |                     0.0 | 0.0 |                    0.0 |                     0.0 | 0.0 |                     0.0 | 0.0 | 0.0 | 0.0 | 0.0 | 0.0 | 0.0 | 0.0 | 0.0 | 0.0 | 0.0 | 0.0 | 0.0 | 0.0 | 0.0 | 0.0 | 0.0 | 0.0 | 0.0 |
|         3HWC J2023+324.spatial.lat_0 |                     0.0 |                     0.0 | 0.0 | 0.0 |                     0.0 |                     0.0 |                     0.0 | 0.0 |                     0.0 |                     0.0 | 0.0 |                     0.0 | 0.0 |                     0.0 |                    0.0 | 0.0 |                     0.0 | 0.0 |                    0.0 |                     0.0 | 0.0 |                     0.0 | 0.0 | 0.0 | 0.0 | 0.0 | 0.0 | 0.0 | 0.0 | 0.0 | 0.0 | 0.0 | 0.0 | 0.0 | 0.0 | 0.0 | 0.0 | 0.0 | 0.0 | 0.0 |
|           3HWC J2023+324.spatial.r_0 |                     0.0 |                     0.0 | 0.0 | 0.0 |                     0.0 |                     0.0 |                     0.0 | 0.0 |                     0.0 |                     0.0 | 0.0 |                     0.0 | 0.0 |                     0.0 |                    0.0 | 0.0 |                     0.0 | 0.0 |                    0.0 |                     0.0 | 0.0 |                     0.0 | 0.0 | 0.0 | 0.0 | 0.0 | 0.0 | 0.0 | 0.0 | 0.0 | 0.0 | 0.0 | 0.0 | 0.0 | 0.0 | 0.0 | 0.0 | 0.0 | 0.0 | 0.0 |
|             3HWC J2023+324.spatial.e |                     0.0 |                     0.0 | 0.0 | 0.0 |                     0.0 |                     0.0 |                     0.0 | 0.0 |                     0.0 |                     0.0 | 0.0 |                     0.0 | 0.0 |                     0.0 |                    0.0 | 0.0 |                     0.0 | 0.0 |                    0.0 |                     0.0 | 0.0 |                     0.0 | 0.0 | 0.0 | 0.0 | 0.0 | 0.0 | 0.0 | 0.0 | 0.0 | 0.0 | 0.0 | 0.0 | 0.0 | 0.0 | 0.0 | 0.0 | 0.0 | 0.0 | 0.0 |
|           3HWC J2023+324.spatial.phi |                     0.0 |                     0.0 | 0.0 | 0.0 |                     0.0 |                     0.0 |                     0.0 | 0.0 |                     0.0 |                     0.0 | 0.0 |                     0.0 | 0.0 |                     0.0 |                    0.0 | 0.0 |                     0.0 | 0.0 |                    0.0 |                     0.0 | 0.0 |                     0.0 | 0.0 | 0.0 | 0.0 | 0.0 | 0.0 | 0.0 | 0.0 | 0.0 | 0.0 | 0.0 | 0.0 | 0.0 | 0.0 | 0.0 | 0.0 | 0.0 | 0.0 | 0.0 |
|    3HWC J2023+324.spatial.edge_width |                     0.0 |                     0.0 | 0.0 | 0.0 |                     0.0 |                     0.0 |                     0.0 | 0.0 |                     0.0 |                     0.0 | 0.0 |                     0.0 | 0.0 |                     0.0 |                    0.0 | 0.0 |                     0.0 | 0.0 |                    0.0 |                     0.0 | 0.0 |                     0.0 | 0.0 | 0.0 | 0.0 | 0.0 | 0.0 | 0.0 | 0.0 | 0.0 | 0.0 | 0.0 | 0.0 | 0.0 | 0.0 | 0.0 | 0.0 | 0.0 | 0.0 | 0.0 |
